9

16 32 48 24 16 7 3 6 3 

13.2035 -2.71542 12.4071 11.1804 13.8408 -12.6187 -5.60802 10.3954 -8.26646 1.02548 0.237722 5.46217 -4.73948 -0.244859 18.4032 15.8899 4.32479 8.8091 -15.8534 4.52975 -21.2956 -9.6545 -13.5908 14.8438 -13.1653 -4.5207 -15.3911 -14.2396 19.0809 -10.4907 3.41649 13.9335 
3.96279 -6.77418 5.24038 2.43049 1.07038 17.8811 -8.12453 10.8974 0.810472 12.1678 -6.96806 15.7877 -8.52703 -6.28702 11.6423 16.2508 -17.637 18.0425 -1.29795 -17.3008 -13.8392 3.52516 15.622 -6.87783 -16.5784 -19.3684 -3.10214 -17.5324 -10.1569 19.5683 17.2272 13.9371 
-10.6385 2.73117 -4.10178 10.6635 0.438577 7.89585 0.547046 -17.1862 -1.49429 15.537 16.8853 8.49464 -8.47094 8.40769 5.51141 -5.09197 5.38824 -11.6222 -2.52865 14.6488 12.4395 -7.04144 -11.129 15.3901 -6.41 7.599 19.9928 3.24861 7.14892 12.9768 -1.23548 16.9608 
-3.19377 13.4441 5.59617 14.7435 0.545855 -11.9038 18.3269 15.4665 -14.1118 14.7622 5.6081 -3.06729 4.25195 -9.34852 11.6891 -6.94553 -2.0222 -10.976 -12.7083 -10.3561 1.52729 -1.9196 -14.5137 15.8776 -18.8391 -15.6047 -1.39085 11.16 18.4556 18.0344 7.37078 -3.71952 
12.8287 -4.48316 -6.20222 -11.8758 4.06802 -11.3239 -13.3971 9.5062 -16.5763 11.2978 -13.4131 10.0492 -17.8979 19.0335 -18.2675 -0.372228 -13.6012 -11.4162 11.5438 9.28369 6.80678 17.4599 4.41264 10.8255 -17.6621 -14.3253 -2.16751 -16.6571 -17.9401 -12.1436 -3.19687 11.7373 
4.14235 10.421 -18.1884 -14.3588 19.2455 -12.8091 15.7607 -15.8225 19.386 -17.9658 14.0814 -17.4396 -19.3898 16.5842 3.37764 -15.5385 -11.6817 -3.4999 17.4715 16.1804 -6.14839 2.29383 2.95844 -2.15235 9.03292 -17.456 -0.563336 8.71078 -7.94873 18.5627 4.08208 15.1236 
9.46367 3.32577 -18.8088 10.6314 14.8918 17.9108 16.1539 12.9991 18.9823 10.3932 16.5421 19.6064 5.0274 -2.03254 -13.9635 17.096 15.2633 -16.033 8.02347 -9.85637 5.89137 -11.863 8.49358 -8.48594 -8.27133 -9.23766 -13.8441 6.29451 -12.8251 7.18971 0.896849 20.3578 
-10.1859 0.86931 7.8373 -15.3958 -0.51864 5.34412 18.6718 -0.621266 -6.80779 13.564 -3.86591 -19.5284 -7.37898 3.81006 14.1153 -11.4028 5.81915 1.94436 -2.30402 -7.25583 9.07383 -14.8558 5.00959 -16.9371 -3.89726 6.88462 7.34024 5.87943 -4.84203 -12.3023 1.58724 5.0904 
9.61743 -6.52556 10.3684 -10.7516 17.4735 6.79184 6.07601 -10.0843 -0.0958466 -17.3399 -8.26474 14.4356 8.41568 -14.8919 -17.4394 -6.21819 2.44149 2.85541 6.11359 -10.1246 9.65005 -9.36185 -7.81293 -13.4446 21.0056 -18.4198 12.5848 -8.48728 -13.2722 -2.37781 18.8828 19.195 
11.5354 7.27154 -15.3067 8.27009 -4.58823 11.809 16.8358 16.6599 14.6295 -12.179 11.2515 0.054341 -6.92538 17.2847 16.8239 15.0648 -1.20951 3.90187 -13.7453 -8.70943 14.7406 -1.43841 -1.10404 13.1962 0.00619063 -8.06898 -10.6412 7.35294 9.70297 -13.438 4.18183 -0.999996 
14.2828 9.30744 -13.5035 -11.3526 -1.70839 -15.5456 -13.9467 -4.02168 -8.08727 18.0626 16.1163 4.99827 12.8003 13.3902 -1.26766 -4.364 -4.61035 7.80567 4.92619 -8.24568 -14.5445 -18.0756 -15.7489 8.0433 -5.4495 -7.26064 -6.06879 -16.7781 -2.55007 19.762 4.10068 -10.8163 
7.46814 11.4784 -0.220999 -14.9421 16.6342 2.98527 0.60587 -12.3382 3.00278 -4.32786 12.5091 -4.94787 -9.54787 -5.31915 9.93789 4.45455 18.4791 -6.48332 16.3617 -13.8389 -4.36641 -19.8325 11.3567 11.2971 -7.49697 -16.3959 16.4019 8.35589 -20.0503 -2.43672 19.4896 7.83607 
-11.7083 0.618478 15.3678 -16.4242 -16.2414 -2.67467 -6.8134 4.81138 11.6458 -15.6543 -18.4885 -18.0917 -0.231048 11.8993 7.69065 -2.80195 -15.8874 3.95189 2.94671 1.40623 6.069 -6.48167 -8.34768 17.8747 -0.294735 -13.1929 4.58043 1.00416 8.12035 4.82019 -10.3801 14.762 
-16.223 -15.8096 17.8645 -14.4027 -0.721203 -10.8369 11.3379 -10.5459 -7.28788 16.7202 -5.96414 11.6011 5.16946 -18.3934 -8.83548 11.535 7.49757 13.0501 -6.5736 -11.9804 -11.4519 4.22649 -15.4558 5.67226 13.6506 8.82282 -11.672 -5.16293 -8.15492 -1.63334 -10.9372 -4.21609 
2.1244 -12.6469 0.00755743 -19.0414 -4.25758 -4.42168 -8.72387 10.0198 -11.0541 7.57 1.10457 15.9314 8.41908 11.2492 9.43238 -6.63082 5.63735 -20.3431 3.32386 13.3784 3.22012 5.63345 -0.148468 -3.30024 -5.84392 9.10721 11.5719 4.91672 -13.7773 -19.2462 -17.4206 6.09742 
-12.2956 7.05047 8.38055 1.84629 -22.0449 -19.5195 -8.98536 -8.39856 3.95011 13.8901 -12.5028 -6.27077 6.52145 15.8615 6.94681 -8.3283 15.0672 -11.7146 -14.497 2.01377 13.2434 7.00913 15.8659 -13.3712 -6.68752 8.90181 13.1302 0.637853 11.1912 16.3684 -11.9147 17.5151 
1.07336 18.1188 -2.06004 4.04058 17.5461 10.4618 13.5156 2.89901 7.22748 21.5097 18.2126 -9.06289 13.6282 4.10715 5.23121 12.1477 11.0913 12.7317 -11.3811 4.45294 -1.59715 -14.762 11.6311 15.8723 17.6419 5.98155 -5.88223 7.27268 4.15055 6.09205 3.03704 -14.2213 

3.18107 -16.6518 9.6975 -0.342043 13.3188 -1.38232 -15.2562 0.0296336 -1.80437 -19.5476 10.6729 -3.25398 6.1658 -0.562702 -13.4468 -3.7888 -9.41827 -2.49174 -21.8739 8.00332 2.87131 12.5027 3.40403 -1.61299 -1.50745 20.6003 -20.159 -17.4429 5.73047 3.88457 -10.3862 -12.3376 4.52407 16.4874 9.34157 -0.775245 -2.32662 14.1372 18.4969 17.2224 18.7744 10.2161 -7.96273 3.15803 -10.7801 -0.859313 19.3595 -1.80768 
17.3944 19.5953 -12.1448 -1.97049 11.664 11.006 16.867 -9.99363 10.1851 17.6599 -6.7582 -4.11237 1.64905 1.50509 3.61961 -12.7556 -0.357572 -6.53806 7.80854 16.2682 -10.1094 5.23734 15.7347 -15.8087 -6.48157 -11.0926 6.30793 3.83457 7.38911 2.50571 -16.443 1.74019 1.18553 -11.2226 -18.5269 -6.03129 -21.248 20.1775 5.59608 10.5871 15.0235 18.3757 -14.5739 -0.941141 -0.252511 13.796 4.49358 17.4803 
-11.6896 -5.88791 14.2498 -4.64216 17.1142 11.2237 -0.600412 -10.4174 18.3941 -14.7483 18.3045 3.03457 8.96747 16.6114 -12.9335 -9.96869 -14.761 -13.1422 4.40913 -13.4775 -13.034 -11.6577 18.778 -18.9242 -13.7308 -15.3447 -1.51527 4.34988 15.5987 -15.8122 4.9231 -16.542 -3.94949 -1.08793 -1.95127 -9.38611 -12.1142 15.1854 2.74756 -12.9665 -17.8738 -2.39912 12.6351 11.2322 -5.33766 20.1518 -18.8864 0.0513104 
-11.9394 5.97266 9.52116 -6.62447 15.666 4.47031 -6.2987 -18.2148 10.473 14.4359 9.28513 8.62184 16.0738 -7.74177 9.82976 -9.2264 12.8202 -11.954 4.23746 -18.5576 -15.088 -12.5661 -10.164 -16.4234 4.58478 -15.8787 16.4589 18.1972 -17.6768 17.1225 -0.40157 -10.0673 1.14503 -14.7093 4.04509 0.260961 12.9111 16.3878 0.996433 3.5341 9.49546 -11.0685 -9.79413 4.21932 3.13979 -18.6143 14.8417 -6.58991 
-13.1253 1.03067 -5.19909 -6.25673 6.21431 6.4837 -1.62964 -8.75109 6.57347 -6.87982 -11.0032 12.6258 -11.3483 6.94455 -19.1725 16.8467 15.0853 3.03612 -6.04203 6.34875 1.38841 13.5878 -8.76957 -11.0576 -17.3141 -0.424055 14.5204 3.93846 0.900074 11.4418 20.7358 11.6327 -6.94384 -4.39799 -18.0204 -20.2096 -21.6458 -0.212635 -7.03828 8.08117 13.6655 -2.40534 -1.52433 -17.7011 -11.0941 0.153482 17.9359 -18.2183 
-15.4671 -10.496 7.92113 4.28791 -17.0419 18.0874 14.2803 -12.406 -2.56223 11.5276 10.7198 -20.2105 1.89675 8.60571 10.4188 17.5319 -17.1423 11.0101 18.0312 -14.7179 -8.67052 -9.17251 14.3896 -16.5232 10.3743 -8.76577 -11.0689 19.999 12.5953 -17.0285 19.7882 15.0069 -4.98321 8.75921 -2.05472 -5.4263 5.21061 -6.9559 3.49035 -15.0982 -15.8008 -5.9528 -16.6418 5.31532 -14.4804 13.622 2.37976 -9.68943 
9.27755 1.47833 -9.29271 18.9626 10.658 -14.2556 -18.9103 -0.317849 -3.47403 -13.5176 -2.25363 -13.9067 -9.11309 -2.91594 -19.4502 5.46204 -15.8066 -2.15288 -18.0547 11.6565 11.867 7.35839 18.2024 14.3928 -16.6301 -19.1149 0.466661 -13.3145 16.8598 -17.7577 -7.41664 2.19525 3.70555 5.7559 1.36137 -3.9201 10.768 4.28958 15.8861 -11.9561 11.2483 -3.23026 -5.71152 -16.3785 13.1207 -6.7112 10.8594 17.2043 
13.3858 13.7291 7.10223 6.6102 0.651482 4.58538 -1.54662 1.7713 7.96427 -19.6803 10.6436 3.87627 -15.6834 -15.7226 -10.5964 11.8001 12.5833 7.44145 -12.0083 5.92215 -10.4468 -15.1 15.2953 -14.1037 0.335253 -11.0777 -10.9235 -9.05672 7.24881 15.5867 -11.8136 -0.293341 9.30789 20.8878 -14.6802 -8.95496 2.64136 4.72004 15.0579 -8.94089 6.09296 5.24709 12.1041 14.45 9.09092 -19.6841 3.54043 5.70784 
10 12.4418 -7.66684 -19.0798 16.6073 -13.1129 -13.3333 -4.10757 -2.01282 -5.67339 5.73221 -15.9914 -8.21412 13.1682 5.56488 -14.5338 11.2059 9.58373 -4.25214 -4.48193 -5.20032 -9.36186 2.8028 -17.1597 16.6479 -4.55759 12.6488 7.43521 -0.700988 -3.07227 -8.26965 -12.5414 -9.44749 1.53955 -8.40173 -15.6203 8.59422 2.52007 -0.505651 -11.7688 14.8605 -15.236 -7.60879 -11.5629 -19.8011 19.7065 -8.82946 11.5953 
6.43436 6.95133 -11.5299 -17.402 18.652 12.2197 -16.5112 15.1498 -12.2564 21.621 -0.627065 6.39411 1.61964 14.2528 15.7429 10.552 -3.45761 -12.4566 12.9416 -14.111 6.95289 -8.04269 -6.03224 1.21263 -2.81204 5.6972 10.7083 -1.51712 2.34198 -21.2599 -9.89171 -10.6657 4.47501 -4.05639 -10.5641 6.04694 -12.2681 -6.13793 1.0192 -4.07124 -6.75976 -18.5716 -16.0085 13.0415 15.2479 19.9847 1.18375 -8.91925 
-13.5277 -6.46462 -1.95517 13.8905 6.55903 10.8594 -2.64645 -15.2031 -2.76454 -16.6549 3.06762 19.5288 -15.1439 15.1254 -12.2468 11.61 -8.18094 -2.89248 -0.734005 0.603216 12.093 19.2053 18.1761 -16.7766 -18.8998 -18.4942 16.4235 17.1442 -19.4711 -4.95445 -12.945 -13.0408 9.46463 5.76508 -17.1468 -3.75643 -4.40705 0.244183 3.56284 13.8818 1.64643 -13.8333 13.8793 7.38419 -16.1412 17.9828 -1.01544 -4.13164 
-5.66688 18.2605 17.162 -15.8068 16.1321 14.2718 -12.7333 17.6822 17.9542 -14.1726 12.5137 18.4343 0.0899785 -19.0813 -11.1101 -9.36652 6.53387 -10.2447 9.98605 -18.9234 10.223 -6.33151 15.1052 -9.34039 4.50222 6.75321 19.994 5.79641 5.34379 -1.91193 -20.0445 19.9563 -6.50854 16.0676 -16.5996 -8.97994 10.5057 -8.24249 -12.6785 7.71333 -3.66738 -20.6234 9.01648 16.2389 -21.9423 16.8504 -11.3374 3.82925 
-14.4512 18.0587 7.19271 14.4385 -9.00603 0.611216 -14.1517 13.8461 -11.3058 -15.6122 -0.209426 15.4893 0.330077 -1.90385 16.2175 16.9784 -4.48627 19.467 -12.7912 -13.2321 -9.26443 -5.3276 18.8292 3.88457 -4.00177 3.2144 -0.0263983 -5.2064 -0.527584 4.44591 -20.3272 5.90027 4.74642 10.2789 -0.711135 13.8127 -12.5599 7.74879 9.00221 -2.51214 10.5673 -12.8649 -5.95561 -7.18955 5.68124 -13.1881 -8.27855 -19.555 
-15.077 -3.60204 -11.6509 -5.98459 11.5193 -13.675 -21.0495 -13.8326 10.8876 0.815707 -1.2884 -10.8887 -10.9302 2.13391 15.9819 13.6741 -11.3371 -6.57755 7.3225 -1.04457 -17.2464 -4.4489 17.1874 16.7425 6.1521 -9.12857 -12.6885 -9.75397 -4.47824 -1.27103 -7.42169 4.00299 13.6103 0.392637 19.7219 6.84985 6.5862 20.5096 12.8391 -4.77269 -1.21735 -8.91248 5.70734 10.5341 15.1882 0.739554 2.69861 -15.9585 
18.5061 -6.66904 2.27217 -18.875 10.8478 0.406338 18.9181 -3.45025 11.3566 -15.7871 8.6837 -9.25058 3.31283 -22.1886 14.2227 -2.29766 3.1542 12.6629 -14.7388 -14.0071 8.89619 15.521 2.56418 -8.13101 -12.3249 -12.0915 -19.5382 -14.2406 10.3852 1.79858 -11.6691 7.95196 14.5134 11.2683 10.4805 5.88541 -8.75678 6.12674 -12.6466 -18.4482 12.6058 15.2733 -7.54831 -4.99965 14.1516 -14.2753 14.4927 -3.70384 
18.2306 20.6642 1.73036 9.39336 15.1514 -14.9249 -20.9872 -14.6236 -8.73637 -18.9421 -8.17739 -19.2975 6.22734 -0.29618 8.98669 3.01957 -11.5777 -2.35659 -8.59036 3.43629 -18.0971 -0.816976 7.51529 14.4988 -6.27711 20.2051 -9.44226 -13.738 -12.6319 -17.8123 2.89671 -15.6219 -16.5626 -14.8739 11.8731 20.0083 -10.2304 9.13565 -14.1932 2.08674 12.8955 -4.93355 3.55805 -1.67081 14.0371 -7.44723 -18.661 -12.9074 
8.84044 -6.04133 9.84288 14.8083 12.708 -6.18113 10.9576 -14.9192 -4.71102 18.2986 -6.76093 1.41244 -16.7413 17.4853 1.65188 -16.7257 -16.9386 -4.76959 -15.1086 -8.21648 -15.4408 -11.2803 16.1142 16.9696 4.55137 -0.389724 -4.24266 2.3799 12.7016 -4.56535 8.36439 3.90002 7.57696 -1.12748 -4.68809 1.97826 15.246 -16.9933 6.90813 -9.31161 -19.4351 -19.7164 9.8656 -20.3971 19.1188 -8.52724 -14.4326 -19.7127 
5.65448 -8.93106 -5.42345 8.57217 0.853588 -10.3885 7.49175 -9.94503 10.1962 -20.5095 12.2276 0.749036 -4.16202 0.741075 -15.7155 -14.0061 19.1636 -0.929314 7.80782 10.0595 1.70817 -4.84889 19.3944 1.95241 -0.813815 7.91124 2.90531 -3.0348 -21.0686 9.98374 -2.36479 7.11629 -19.3987 11.4464 -5.6425 1.33153 -16.0781 -19.5001 10.9101 10.9716 -18.7783 1.18646 -6.61217 -2.67168 -19.4058 -3.72135 1.6722 17.5477 
16.3993 -11.5698 8.01134 -3.8425 6.43272 8.44061 18.2599 -18.131 -1.99618 1.78454 -0.126245 -2.3288 -7.65221 18.5592 -16.4359 -9.001 10.4555 -1.12163 16.6538 12.4471 -1.07948 5.89792 5.34549 1.91942 -13.05 17.137 18.2001 -10.2585 -6.33248 1.31924 -14.0813 -13.5407 10.074 13.1693 5.13167 -2.99264 0.86455 4.67251 0.80448 18.1209 -18.6264 -18.5745 -4.34485 -7.8582 19.2346 1.07471 5.53544 9.54287 
19.2039 0.994598 0.617138 -2.31696 -15.3418 -14.7915 -18.7475 -6.74183 -18.7536 -19.5005 -0.714262 -5.39163 0.370146 5.05441 3.92005 -3.97989 -0.426234 -10.4615 11.9528 -17.9117 10.8589 -8.00951 -20.5433 14.2613 -8.2201 -2.039 -16.4468 -8.83615 21.4629 9.3901 -18.2453 20.0377 -11.2647 4.02216 -2.42877 -6.76864 8.48522 2.31442 6.05483 9.58154 1.4254 -16.6095 -12.0586 -14.4553 9.19498 10.5096 -2.02839 -11.3812 
17.199 -8.58236 -10.8561 9.415 2.37205 -7.13634 3.22675 19.102 10.3738 8.18799 -8.98311 9.10883 -1.12625 -7.97902 12.4905 8.66223 15.8932 -9.0804 -20.3411 4.83087 13.044 7.96323 -6.34002 -3.88144 10.0042 0.918956 0.321701 -1.49126 -10.7126 17.8201 5.71798 -10.2636 -14.0706 18.825 18.456 12.6526 -9.66132 0.249713 10.4254 -17.0374 -13.9831 -19.3139 14.6213 5.8034 -4.4428 4.06907 -7.1844 -8.34241 
16.3386 -8.27549 16.5789 10.1327 19.5382 -9.91114 -14.1988 8.49248 10.7887 3.86447 -13.8083 -19.3519 2.29256 14.1597 -11.2441 11.9883 14.0347 -12.0712 5.10606 -18.7766 5.67869 -3.12431 -18.664 13.2083 1.01191 16.4074 -1.73824 12.519 2.42642 10.3275 -15.1304 -1.38492 -16.8981 -19.9016 -14.1022 -19.3067 -10.5628 -7.85105 7.83261 -18.124 16.7624 15.6744 -18.5259 -0.19402 9.38419 -8.42008 -8.95573 1.16876 
-4.54828 18.7003 2.02692 -15.7125 -5.7739 7.01423 17.3458 13.8879 2.98549 -4.60066 7.45755 -11.7381 -14.065 12.1767 7.52538 -10.2131 13.9251 17.8735 -9.37297 -17.3852 -11.3263 -17.793 -13.8617 -13.5129 15.6339 -15.7507 7.35149 6.13068 -3.20739 18.9745 -13.5132 16.5811 17.6587 11.279 16.8706 -8.4805 -3.34291 15.4148 -10.5849 -16.6074 -8.39934 16.1089 -10.5956 -2.17308 7.25222 18.3814 8.64643 -0.732256 
12.7989 15.8411 1.75762 -17.4707 19.1005 9.14262 -13.233 14.2843 14.6735 13.0019 -1.59711 -11.705 14.4474 6.23912 -12.935 11.685 -2.93185 -17.946 -14.6012 14.4568 18.9312 -7.76608 17.4178 -11.2684 -12.0906 -10.8384 6.41185 11.4765 -17.3182 -9.14053 -6.84451 16.0388 -13.0141 18.5783 17.8718 -12.1953 1.88948 -13.221 19.5069 -2.68362 -19.4648 -1.64952 9.08002 13.4642 -16.1436 16.6955 6.63944 2.91501 
20.1006 9.04793 -6.11251 21.2903 -17.9516 -10.363 -10.1281 -13.1922 -2.32678 17.3304 -18.6465 1.827 -12.0973 -7.44174 1.65319 -1.33411 -9.01339 -3.07321 3.27951 14.5259 5.43358 5.32611 -8.01106 5.35037 -20.9719 -19.3824 -1.33549 -16.0761 16.2629 -16.4859 5.72557 17.0946 15.4116 21.2586 16.1548 15.2367 -11.6405 -13.824 -15.4321 8.88281 -17.8792 -13.3293 -11.5401 -9.49095 -0.00436624 6.34677 9.02496 9.67017 
-16.2836 -7.84554 3.09406 8.10715 17.332 13.4306 -7.89248 18.0099 16.598 11.9928 -17.6222 13.611 15.4857 9.45334 9.97458 10.4472 8.76201 5.67835 2.50732 20.5665 11.4044 8.42599 6.90441 13.1107 11.946 16.7142 -16.2301 -7.02519 2.18817 12.6447 -20.2596 6.78331 -12.6578 2.38193 -4.3622 -16.6533 -4.33753 11.2656 -18.2016 -10.2895 0.501599 -13.5809 -17.4284 -4.19306 16.9224 14.4961 -12.9958 5.83436 
-1.48245 10.2616 5.48557 -7.82142 -1.76323 -8.78964 -13.9603 -7.8675 -12.2254 -9.686 5.55808 11.7355 -16.6458 4.24772 -1.19621 -9.74662 -14.7203 15.6605 -5.06543 3.49472 4.9111 0.175318 13.3527 -15.0677 7.04481 17.3264 1.49672 0.901332 10.8963 7.13428 -13.4984 -9.72593 -3.13715 13.8075 2.0832 15.9595 -14.8321 10.6083 -11.7624 -9.60755 17.2931 10.3321 -15.6221 -18.1725 -4.97023 0.498178 -8.3854 -0.683309 
-2.78853 7.61548 -18.5135 -20.1288 -11.4588 14.2938 -15.0465 14.5361 10.8288 7.8387 -4.19631 -0.700865 -4.31368 1.85475 13.8413 13.3914 -4.78778 -6.88178 8.28325 -0.0674748 -19.4179 16.9578 13.1725 17.8553 8.63972 17.1698 -21.9587 -17.9202 -1.18191 -9.1491 2.32903 17.7877 -19.4428 4.48076 17.5619 -9.80456 -4.96476 -15.6489 -17.2389 -13.6861 9.20026 1.10985 7.86298 -14.1875 -16.2746 0.757263 21.7539 0.0339912 
9.82692 10.4871 -17.7323 10.857 8.79491 15.4795 10.0628 -4.81537 15.4299 11.5454 -1.44587 -6.97135 -14.8906 19.8332 -10.8125 -14.7614 3.5639 -12.8327 -0.840828 19.6307 -9.74932 2.06577 -16.5869 -18.1232 -18.4744 13.8263 -13.9606 -13.71 -8.26651 -11.4578 7.01706 -17.091 14.9793 9.32395 14.2002 2.72536 4.95335 4.69881 16.86 -3.06672 -6.56631 -3.53589 10.4119 0.184361 -3.85274 -19.9506 4.07297 18.6611 
-12.9406 -17.5176 18.2451 -2.53311 4.39795 -15.2952 -4.40578 7.57341 14.7997 5.02538 14.0145 -14.8376 11.3769 -1.81922 -12.1597 6.50736 -12.6451 -17.6928 -8.81727 14.5606 8.07929 -12.1222 -6.55853 -19.2372 2.4068 -17.707 0.205748 18.4669 -15.6193 -15.4427 19.6152 -11.6017 -14.7776 15.8256 7.5688 11.9414 17.399 -15.2997 -3.36386 12.9521 9.58296 -10.7124 21.2832 0.941502 10.3353 -12.7261 -11.6609 19.9805 
-10.8662 -1.66844 12.9164 17.0698 6.37425 -17.791 17.9831 -11.0689 -11.8235 -5.22393 -11.6143 -9.58384 2.30033 -11.5497 1.29699 5.60265 -17.6741 -13.9158 -3.54708 -17.7227 -8.68364 15.0242 13.8735 -18.8191 -17.9355 16.2919 2.28098 11.6958 -16.971 11.9584 9.3064 -7.40834 -14.2182 2.88796 -10.7363 15.3538 5.86098 -15.1557 -13.7863 14.1875 1.4781 -7.05673 -17.9335 -20.1047 5.16031 4.21522 9.5305 4.37665 
10.1434 -13.8489 7.72908 -17.7835 18.3276 4.6493 -14.6521 -18.858 -3.17702 8.91213 14.1256 0.581297 1.24167 3.28133 13.2617 8.69453 -16.0806 -19.0561 3.57164 13.2329 -13.6486 9.9132 5.46779 7.2548 -16.0769 9.87396 7.90863 7.77936 -5.07242 -1.96494 -10.2138 -14.9709 3.26976 17.5805 -12.5508 5.71731 1.49832 -6.86555 4.28162 -21.5252 -17.4961 -3.25666 1.02471 1.92713 20.4916 -5.76325 -9.68807 -13.8987 
-5.61813 17.7953 16.5491 0.342789 6.97308 3.10779 -13.1534 12.2453 -8.02328 14.5195 -1.38599 6.73561 -5.85544 9.14882 12.1126 17.8933 10.4795 19.3586 -2.28047 -11.9121 -8.70251 -16.5394 -9.251 -5.40574 2.33118 12.2793 17.5646 -4.33615 -16.5294 -30.9059 5.25012 1.72696 -23.3493 4.52467 -24.1253 16.7414 -16.2719 -24.4636 4.14716 -2.91985 -17.44 -20.0816 -14.4458 -4.67937 9.90061 15.0966 -9.1145 -1.00995 

13.9903 11.5335 12.2002 -14.0787 17.7212 -16.9764 -1.60007 -4.15885 15.6735 -5.18517 18.0439 -19.0451 5.55693 3.23935 1.69587 9.44412 -15.5869 1.81413 -1.65124 -9.34651 6.95808 -16.2635 10.1659 10.1765 
-14.5726 10.2639 -13.031 15.2374 5.8105 0.118687 -4.26585 0.98949 -8.4808 -13.5338 6.18553 -10.9266 -11.5736 -14.3758 5.82583 -13.0144 -0.512064 0.969704 -10.4143 -14.5309 -15.0573 8.61375 15.8819 -7.48938 
-9.6849 -2.53655 3.02997 -19.4342 0.572536 -7.23 14.7137 3.28865 -15.5988 -17.9379 2.43038 12.4444 0.217534 17.871 -8.35479 10.6829 -13.4175 20.6305 19.9016 -2.45502 -13.6116 5.47437 3.10004 7.5311 
-13.0836 9.61848 15.5122 -4.99089 -2.39512 9.5222 7.64262 8.06996 -15.5643 -11.3388 9.84312 9.05818 0.381192 1.99717 -7.64184 3.7151 3.01252 14.203 -4.58979 -16.6067 16.0894 8.10471 14.8772 -19.9081 
8.79984 14.8825 -2.15147 15.7809 -2.68537 -20.0878 1.22722 6.01967 11.7979 -3.15298 -18.8244 -12.2645 -13.7942 11.456 17.1555 -8.89519 18.5663 8.73405 20.3082 0.570832 -9.501 -7.9015 -16.8454 13.9962 
-9.82585 -0.307863 17.11 -17.3438 -10.8531 10.6811 -14.7012 14.3354 6.68167 2.48955 10.2826 -16.2219 3.43986 -6.26637 12.2092 -6.71774 11.6165 14.0846 3.26636 18.289 1.77437 0.247166 -10.7584 1.15682 
-11.2282 -10.5965 -19.1217 -1.17915 3.27465 -14.2391 -7.36763 11.4988 7.703 -13.3127 15.6621 16.0999 19.6182 19.4673 11.6466 2.48177 1.20688 2.38147 6.10993 -16.0915 16.5511 -2.13095 0.34077 9.51764 
-11.5817 -18.3415 6.75335 14.2427 2.38181 17.0439 -5.74665 11.0037 -12.8026 -4.11842 -10.6255 9.422 2.39243 3.35687 1.07073 -12.1546 11.6941 -5.81715 -18.0047 6.9623 -4.69974 13.7919 -8.60592 13.6571 
-4.87671 18.854 19.2799 -7.13307 -3.12692 -0.593594 -18.1652 3.18004 1.53204 6.29544 0.8696 -18.3533 -0.124032 14.7682 14.0005 9.03658 -7.60119 -15.4897 -1.69619 16.7146 8.83183 15.8067 -15.9712 -2.88943 
-11.2378 -11.9479 -13.7118 3.78423 -18.9061 -3.06771 -1.62321 -2.43279 -2.87744 -3.51478 10.7416 8.7594 16.9408 11.3799 -4.14929 -3.79344 -0.852099 16.7348 1.3021 20.0717 13.5221 -6.16683 5.35472 -12.778 
-2.37128 -19.1867 -18.5335 -16.8468 16.8926 -14.3409 0.579007 -15.5565 -9.12178 7.87474 10.6028 -9.39497 -16.8564 -15.6323 9.82223 0.443236 3.80187 -2.80071 -10.0522 -1.53312 -11.8525 7.33065 16.5421 6.56107 
4.03798 -3.42655 5.83771 -4.99 8.87725 -8.05063 1.80093 -11.544 -3.78729 -0.246801 -6.28348 -7.94465 7.95874 14.703 -0.189843 17.7734 1.82764 -12.2727 -10.2716 5.7346 -4.98583 17.3006 -11.5723 19.5361 
-5.13553 -3.56959 -5.4503 5.56189 -16.8663 -8.38017 -9.56172 6.4217 8.94329 17.0329 -21.1182 -1.12947 -10.2678 1.43263 6.27649 3.69495 -15.6642 20.143 14.1003 10.6481 13.496 -6.53953 10.0715 -4.22639 
2.23785 19.0499 -19.4776 18.7447 18.9006 -10.664 17.4309 -11.6463 7.73351 -6.11209 18.5624 8.30014 4.74444 -11.6539 -3.02816 -5.54904 -14.6719 -1.81099 13.4667 -1.81636 17.5862 -1.72469 -19.2527 -18.7932 
-2.80904 16.5756 13.542 -8.69333 -8.61395 3.09156 6.3988 13.2863 1.60448 6.46884 14.1705 -2.25797 15.047 9.9608 11.207 0.52121 -17.67 7.46944 -10.4386 9.91284 13.8492 6.27296 -16.9895 -17.6675 
-17.1533 14.2319 -0.8081 -18.6746 -5.42002 1.30286 -14.7524 9.35964 -0.754475 18.2249 -17.5565 7.76449 2.05327 10.0494 5.88837 -19.092 -3.23289 -1.35026 2.39523 -7.15469 -11.2216 -7.86559 13.7351 -8.73511 
20.691 -17.3655 19.4897 16.7902 9.77774 -18.2497 18.6374 12.7744 16.7323 -1.18497 14.4073 -11.8377 19.6679 16.4623 -19.1669 -2.75368 14.5372 -13.1089 -16.0391 -2.94635 15.0595 11.1992 1.71163 -7.15324 
-10.6865 -16.3384 8.53889 1.7121 -4.5313 0.401937 10.757 -4.29031 7.42635 9.56174 -7.95005 -4.48579 14.1535 -8.56265 -12.4614 12.2444 8.30238 -19.404 -18.8434 7.52021 18.1082 -15.4601 -15.0834 16.1867 
-10.219 -9.77259 -8.80104 -11.4094 -16.6234 12.7606 3.08727 -5.05995 13.8722 -13.6241 15.7318 -9.6091 10.2279 7.90383 6.55062 -4.63557 -0.884391 19.3505 11.9286 -8.9723 -12.9622 20.5172 -16.278 17.5903 
-18.4367 -15.5712 7.73707 -18.9789 -10.2813 11.2271 13.869 -1.13783 -14.4001 -14.3842 11.0832 -13.0689 17.3271 -8.14178 3.52118 17.3486 2.65493 -2.01152 -13.3235 -8.16655 -13.4431 12.1878 8.76788 4.86118 
11.9906 -2.07551 16.4001 20.3784 -2.3082 -19.4278 16.0187 0.00510603 -11.2478 4.12928 0.876563 -1.98032 -5.99359 -6.50663 -19.1807 -0.33906 2.55912 11.1595 5.24206 -0.56453 -17.0631 -11.3868 -3.66575 4.84035 
5.46625 2.87348 14.5016 13.9454 -3.58644 2.81757 -3.84715 -14.9059 -21.0003 -6.50429 -13.775 -1.86614 -3.98376 -15.1179 18.889 6.41892 10.4589 -1.49901 -17.5178 -15.7095 14.159 -17.8634 3.2497 -6.49312 
15.3674 -9.00994 16.5178 20.0969 -0.846654 -9.76245 5.88718 -14.7916 13.2783 0.716453 19.9282 -11.6753 -15.4294 -3.18095 -4.47122 -14.9739 11.1639 0.646902 2.70512 -13.5949 9.56283 0.126175 12.5927 -3.42182 
-20.5856 13.8093 0.380596 13.4232 18.0172 -15.9713 -11.9586 15.0346 -3.63129 -16.8551 16.039 15.6721 -9.16753 -2.16644 -21.8084 -15.7564 18.7 20.2343 -5.18186 -15.9661 -5.42745 10.797 -13.1901 -15.9436 
-7.89165 12.6698 -8.19175 -19.6788 -5.73138 -18.971 -2.08532 -6.46698 15.8883 19.6452 -12.2936 15.2556 -15.2761 -6.50227 9.84017 -1.45738 -4.70736 3.62911 -8.33533 9.27512 -15.9874 -6.39367 13.9687 -18.3374 
-4.20934 -12.2632 -14.241 7.78576 17.4837 -5.99359 12.1072 -12.2192 -12.4108 -16.622 -7.68896 -0.255203 -15.1486 8.57788 17.6278 -18.8048 7.47301 -16.2304 16.9024 12.3471 -4.16812 5.69018 -8.96019 11.8723 
-12.93 4.05441 -0.653874 -8.92443 18.7107 -8.48169 -4.21858 -6.22265 -0.877541 0.241895 -19.6476 -2.0612 14.0848 12.3184 6.63085 -18.0256 17.1423 19.694 0.671857 -18.7775 9.62204 -3.47563 -14.5651 -2.1203 
-2.51882 -18.2849 -7.86951 13.9059 7.85605 4.23206 7.72939 19.9022 -11.8149 -12.7627 -8.82872 -13.9028 -2.3081 3.5571 -0.601385 14.5607 -17.2289 -1.43677 -9.44278 19.0974 -7.40247 19.0089 20.9185 -11.5443 
18.3744 -0.062233 -8.55348 7.54607 17.0348 -2.45676 -9.65843 -6.33306 1.50814 -0.366085 -9.32099 -13.4856 -18.984 17.2166 -17.3594 -11.5976 -15.3963 -8.26554 -5.65433 0.0593838 18.3534 13.8983 -3.12997 -19.0506 
-4.98849 5.76947 -19.2049 3.55903 2.94976 -21.438 14.1695 2.67413 1.04975 -16.8523 -10.8295 -2.36546 0.540909 -2.73763 13.0505 -19.6008 15.246 -17.0205 -14.7363 17.312 -19.3539 -9.24638 -15.6355 -14.9005 
4.95341 0.664088 3.50931 3.45677 -5.88765 17.2293 1.85604 5.97385 4.34881 2.79948 -8.51711 -11.0514 2.41146 -13.8983 11.7727 -17.5887 -12.7006 -18.9068 1.99575 10.3903 -1.79468 -4.50374 11.5396 -4.59866 
-1.07425 17.5532 -11.1189 0.491857 -11.2426 -6.22223 2.21696 10.975 14.3722 -13.169 -5.53145 -11.4458 -15.1967 17.3093 16.7781 8.40927 -0.277187 -12.1037 19.8917 -17.7156 -8.63739 10.6305 -13.9544 -1.69715 
9.77372 9.39147 -11.8174 -13.6708 -14.6622 -18.6583 1.35014 2.63699 19.807 8.59381 -16.3224 -13.8477 -15.3774 5.50709 19.263 20.2633 14.2872 -6.11948 -11.924 18.0521 -12.1959 -16.2051 10.2136 9.15906 
-8.84347 9.36561 10.4759 2.2117 0.146138 14.8073 -17.4262 -12.7914 3.46588 -7.9666 -5.11548 6.5365 -4.38817 15.2102 -10.4001 -5.47999 6.15291 -7.97923 0.817539 9.69782 18.4924 -0.487367 10.6299 11.4653 
12.7658 17.7253 12.0317 -19.2801 -17.129 0.28694 11.6663 -4.92247 -16.7974 0.00865709 17.5967 4.69868 -9.23405 -21.326 13.7186 16.1647 -6.33887 -10.4825 2.25124 7.63967 -17.1532 9.87477 18.7062 9.71807 
-16.8135 -1.22151 -0.889926 -18.6268 20.0638 -14.3778 12.5526 10.5002 -12.6499 0.788623 12.1928 -10.4816 18.8123 3.3767 4.44601 -14.522 19.4334 3.99385 10.3249 -6.67561 3.52048 2.27387 -11.2128 14.6662 
8.16271 13.537 3.91778 12.3594 2.68828 1.27396 2.82923 5.1248 -15.8974 -20.1566 6.20388 -19.8838 -9.58441 -3.53687 15.3459 -4.43686 18.0016 4.84537 6.43163 16.9771 -10.3581 -9.27235 -17.9949 -13.2029 
16.3703 9.48189 -0.116785 -2.18916 -7.0728 7.65393 -6.40697 -20.17 -1.74165 18.2902 13.1436 -20.6207 -0.59342 -3.87467 2.5541 0.966594 -3.57768 -11.0076 3.33023 4.29076 6.72092 -5.37207 -17.8475 3.16733 
-17.6759 7.4825 -1.23656 -9.7115 17.7602 1.15497 -3.53113 10.2188 -6.83555 17.0811 -11.3864 7.16409 3.9805 5.17452 8.25398 -16.924 1.89433 3.43883 -14.6985 -18.8485 20.232 10.3812 3.68665 -5.05326 
20.0672 -14.8525 -17.27 8.13809 1.72615 -17.1073 -10.7393 2.70021 14.1896 11.4105 12.5583 12.0353 -5.78846 -9.12085 1.06585 6.3523 -14.5881 13.8871 -6.03132 9.54524 -1.31914 -19.1309 13.5419 -19.5853 
4.97374 17.3266 -17.9145 2.22572 7.58598 4.42738 -21.4627 6.1157 8.20717 -18.0984 -4.97177 -10.799 -13.8639 3.1037 15.3512 17.1194 -7.72654 4.55284 6.29797 3.92779 16.9965 -10.9813 -9.35376 -17.7071 
-16.0422 4.54657 10.4521 2.78869 6.16695 4.27326 4.25343 -10.2093 3.84983 4.61619 14.6964 -9.91424 -11.1064 12.9562 17.139 13.9685 13.8077 -9.91973 -16.3806 -20.798 11.8322 17.9206 19.4715 -13.9554 
4.63799 3.22635 12.2107 -1.2155 12.097 -17.4972 2.69879 16.8049 6.29962 -4.60675 0.0435568 -9.18373 -19.8873 -16.4564 -0.74304 3.81632 8.91328 -7.09666 14.6528 17.3567 -15.7905 9.54107 10.9266 17.5673 
19.4713 18.8446 19.6075 11.7536 18.1151 17.1408 19.4482 3.80321 -1.88285 10.0209 -16.6623 -9.03582 15.07 7.67898 -8.78094 -0.87707 -19.1777 10.5126 12.4891 -16.8113 13.6097 -6.90385 5.65511 2.67279 
6.4495 -3.14281 -0.656121 10.0516 -13.7517 -7.89526 8.85873 -16.6917 -9.52445 7.99564 17.6086 -14.2355 3.47156 16.3647 6.41775 -18.2465 5.47229 10.2908 -5.02918 -1.43068 -1.36554 6.81409 -20.1391 -0.958647 
-3.60064 14.9782 3.90973 -11.4984 -15.0757 -11.5494 14.8244 7.46251 9.97473 -5.78863 1.71842 16.0559 6.45281 -12.2101 -16.4244 15.0153 15.7345 19.4842 -17.2749 0.544322 14.8204 10.975 5.96657 0.147409 
4.15317 -18.8377 -18.9127 -20.6624 6.14898 -18.9823 0.308056 -18.2018 15.1826 -13.9102 -9.24739 19.4201 -3.50902 -13.3269 11.694 -14.3021 1.41127 -8.37329 -16.9041 -14.3801 -0.364203 -18.897 -19.813 -0.370869 
-15.1219 -16.0382 18.8814 21.3485 15.2094 2.37599 -0.178585 -2.88744 2.52895 3.59002 -0.998822 -9.4128 4.15928 -16.417 -8.36446 -2.24646 -11.3158 5.99282 -1.78424 6.82443 10.4818 -13.8324 12.3722 -8.26783 
0.344311 13.826 -4.34831 19.8445 18.7054 -2.16967 -6.67041 14.3947 -7.06328 -6.09864 -19.6815 -4.79861 17.469 0.225788 14.564 -0.933763 -16.3562 -3.65109 9.89873 9.08253 -1.29136 -19.9278 -16.0537 12.5132 

4.73181 3.81829 -4.88269 -4.03633 8.63586 -12.6604 6.64584 -10.8698 -18.9844 -15.4056 -8.48969 16.5711 1.97473 7.13086 -19.8455 -15.0333 
-19.1148 -16.8234 0.101118 18.0609 1.69864 -6.45881 -2.81265 9.24684 7.50952 -16.0645 -4.04555 -13.7444 -14.7408 0.424403 12.4477 9.3511 
-17.7803 -10.9969 -14.7499 14.3032 -2.29489 14.9609 -12.5312 -1.9285 18.8049 -5.66145 -4.50871 3.33053 -18.7474 -2.37491 4.84675 -16.7427 
0.88256 -14.8874 -18.5316 -17.6875 -3.00602 -0.804504 10.3984 -13.8505 6.27606 -14.6722 -6.75195 10.8956 6.1402 -11.7542 -0.20303 9.39685 
-5.38689 5.75214 4.2331 12.6655 1.84148 12.0926 -9.70403 1.9616 -13.6093 9.03198 -17.9419 -11.3472 -14.8374 10.7303 -6.4405 6.60524 
13.1198 -6.02212 8.16802 -10.4333 12.1234 -2.45602 -2.84006 -1.75058 4.22438 11.158 -11.305 -10.3961 17.4537 7.742 20.3507 -5.9854 
-3.99581 5.94747 -14.882 18.4769 -8.31525 -0.534211 -0.0682465 -0.981939 -13.1428 -0.587277 6.71377 -4.43434 -10.0961 20.1516 20.5211 -18.9124 
-6.04652 8.02167 -8.89602 -14.0756 -13.5434 10.8145 4.70388 13.0037 0.32248 10.169 -16.3386 -2.37376 -0.132549 -19.1379 9.39085 16.615 
7.46397 18.444 14.9409 18.4974 -2.52317 -7.39407 -1.18145 3.27209 14.8609 -14.7748 18.0952 -18.3714 -18.3329 16.7343 -16.5342 -4.60271 
5.35547 -3.77958 1.17181 11.7387 -12.8151 -12.8543 4.59617 5.5574 15.6647 5.10752 -15.4663 -4.62432 11.2196 17.0746 -6.05936 -3.86744 
14.7978 -13.6667 -3.31594 -10.8679 -1.70375 12.6981 17.5614 -6.91493 19.0178 15.6105 -2.63272 -19.2919 14.4139 0.128805 -3.44466 -2.67165 
16.7535 19.0772 -7.78283 -17.7115 -12.427 15.1633 10.3959 -18.1123 2.22083 15.9795 -1.68671 -5.50954 12.604 9.70395 10.7729 5.4494 
16.7888 -12.5952 16.9147 -3.98431 18.5994 16.1431 10.0836 19.6575 8.09187 -12.8262 17.0119 -0.0264717 6.87773 -4.75401 20.4516 4.3089 
-4.95331 -9.83614 9.82987 0.667305 -13.5537 2.10231 2.31516 12.0847 -3.76401 -19.7296 -15.7567 -12.323 14.2118 12.8388 15.0761 11.2585 
19.2216 14.1977 -12.4928 20.0112 8.76932 16.9383 16.8254 -0.115957 -15.6353 15.5819 -17.6764 10.6076 -8.86619 -18.7996 -4.33429 8.23839 
-8.30619 -15.6369 -11.2441 -3.92419 4.50625 12.5109 -12.6713 -19.2211 13.8291 -10.078 -10.7944 6.20121 -15.9617 -15.8682 -3.29023 -18.6925 
19.0397 3.11759 -18.148 6.64003 -0.917833 17.3428 -12.6779 0.153375 12.8716 -11.233 -6.47851 -16.4442 -9.89071 10.3126 10.7435 0.382864 
14.4526 16.9894 16.9918 -1.49347 9.72883 -16.8034 -0.954282 3.97277 -5.42721 9.99609 -11.8595 -1.95151 11.4623 3.27562 -1.09473 9.26194 
-13.5634 2.44653 -0.948617 3.44751 -3.27601 5.49281 -15.1378 -8.48758 12.907 1.23355 -5.97667 -16.6038 -8.92517 -18.3828 5.42931 -15.5791 
-17.9835 3.48545 0.0771284 10.8765 9.35013 -17.6369 -7.40421 -18.3689 11.0042 2.30625 -0.167024 2.72709 -14.3416 21.5882 -6.66073 -10.4591 
1.66451 12.5815 15.6213 18.6199 -1.69712 -15.2404 -10.1014 -7.4753 4.44757 4.46668 -0.712511 13.7059 5.81812 -17.1578 17.9763 8.39457 
7.20728 -0.473646 -2.13551 -5.61926 0.607046 11.1871 -2.27962 -6.1425 -8.75668 16.7425 16.2484 0.0500004 14.6497 -11.7624 10.3409 -2.70081 
-17.5708 6.94438 -5.43063 0.763475 10.6885 3.80891 14.5552 -5.1857 -8.28159 -8.40778 -9.83068 17.498 -4.59102 -10.2043 6.3428 -19.336 
7.84982 -14.9002 -3.02704 -7.98323 17.2476 13.9107 5.60407 -12.0711 11.1306 2.53816 5.84456 7.64757 12.7204 -2.73503 -18.5037 14.4034 
-14.1825 -3.06534 -2.87841 13.5947 -13.2811 -9.65835 -8.35196 -2.2621 0.278722 2.16199 -5.20916 16.4375 8.47329 -18.7755 19.637 0.12123 

-16.3659 -2.89598 8.88673 -19.1455 -11.5522 -2.65715 -9.45656 
20.1882 19.1747 17.1394 4.77088 13.1021 -9.11873 9.44534 
7.07051 -3.95344 -12.9001 -15.5343 -10.1214 -6.70212 -4.16811 
-1.08011 6.7493 15.8815 -16.4665 -18.3263 12.4835 11.8435 
-19.0218 15.2363 -10.6618 -14.7393 -14.0637 -19.9956 -10.8018 
-4.08988 -2.99254 -4.37282 -4.35915 -1.58953 -6.15579 -15.2681 
-11.9215 5.86823 14.327 19.1312 -19.8087 18.5005 -17.4572 
-9.7371 -9.44745 -6.0767 13.1714 16.778 -2.92513 14.6855 
19.346 -8.79129 5.11452 20.3815 -15.3917 19.4394 -14.3315 
-7.57757 20.7583 -8.39868 8.37688 -1.57478 12.6869 -13.5532 
16.9384 -16.012 -9.27131 -15.6219 9.99114 -18.6942 -15.7392 
13.6325 -18.8559 -11.5466 -19.1434 -9.73365 5.02794 16.2724 
-12.2431 -18.6409 9.90775 -15.2613 -7.76322 -2.79883 -18.4471 
-5.96622 -2.9668 -9.62857 3.91731 -5.17811 3.58508 -2.81863 
14.4519 -5.23139 -0.186247 11.4258 -0.509652 13.4214 16.4902 
-10.7962 13.4348 -20.0636 -17.7881 14.1125 -11.131 -16.7854 
-21.3602 17.1367 17.4926 -6.90878 16.9816 17.6597 -1.82706 

-17.0644 -13.7183 -0.140394 
22.6189 5.56436 11.3014 
-4.66618 20.2498 -3.91601 
2.40158 11.0735 6.21364 
-19.6731 3.78564 -15.3838 
28.3699 1.02582 -5.79675 
6.2995 3.57672 -5.95018 
2.35625 9.03112 -0.485559 

-9.84335 4.16349 -5.11039 15.1187 3.35976 -12.6537 
-23.6112 5.91375 -6.52711 11.6674 -19.9318 19.1923 
-3.86134 -8.01297 17.1544 11.8498 17.7091 11.1157 
-3.31842 18.6185 -2.84861 4.44778 9.40534 16.8272 

17.4791 -5.04585 -1.84602 
-12.2551 -15.0356 -11.3853 
8.85315 4.33915 13.9002 
-15.5392 -31.9873 -5.87734 
-12.8955 15.3562 19.8859 
9.78499 -28.6783 -13.1968 
20.2082 -197.892 0.985885 

-1 -1 -1 -1 -1 -1 -1 -1 -1 -1 -1 -1 -1 -1 -1 -1 
1 1 1 1 1 1 1 1 1 1 1 1 1 1 1 1 
-1 -1 -1 
1 1 1 
