9

16 32 48 24 16 7 3 6 3 

-0.137232 0.538446 -0.276921 -0.0452249 -0.176085 -0.305755 -0.0634345 0.29836 -0.103746 -0.148216 0.00801281 -0.20399 0.00350055 -0.101171 -0.192835 -0.106331 0.0831083 -0.263424 0.0613805 -0.197308 -0.209316 -0.185939 0.00731159 0.251929 -0.0781614 0.35436 0.0654952 0.0989926 -0.0558288 -0.279927 0.28875 0.406939 
0.558518 -0.288171 -0.238285 -0.217567 0.00607394 -0.30172 -0.219207 -0.0976731 -0.449935 0.0888062 -0.00166205 -0.146435 0.287635 -0.194497 0.047234 -0.229256 0.142079 -0.791385 0.173437 0.232763 -0.677324 -0.119251 0.484692 0.144514 0.535109 -0.349813 -0.356493 0.17928 0.27026 0.232257 0.58622 0.228778 
-0.655914 0.0479342 0.0112112 -0.34984 0.0462143 0.0920043 0.152487 0.196279 0.48081 -0.149175 -0.250155 0.468445 -0.0436725 -0.202921 -0.36081 -0.501594 -0.0943059 0.412626 0.0311694 0.42837 -0.306625 -0.0841386 -0.0271157 0.228484 0.166049 -0.0836083 0.107764 0.136308 -0.451351 0.393984 0.365086 0.392735 
0.141918 -0.223702 -0.257106 0.188132 0.168302 -0.104619 0.384411 -0.550888 0.0462058 -0.165744 -0.0824417 0.00253392 -0.0686648 -0.143252 -0.49906 -0.16297 0.269375 0.13211 -0.0346005 0.262749 0.647971 -0.0617158 0.191233 -0.0859804 0.154675 -0.0010028 -0.249672 -0.296676 0.0929806 0.415414 0.096058 -0.365102 
0.191712 0.138953 -0.17697 0.0600143 -0.265667 0.207442 0.409127 -0.219461 0.0416977 0.0266854 -0.216928 -0.0269676 0.183433 0.184012 -0.189938 0.152808 0.0161221 0.0754616 -0.484442 0.0640935 0.0137455 -0.293209 -0.0218872 -0.13158 -0.594211 -0.271559 -0.128256 0.0987693 -0.156144 -0.632198 -0.266332 0.0355679 
0.106754 0.456698 0.0955823 -0.158912 0.0641394 -0.095291 0.521626 -0.194163 0.231394 0.304699 -0.52113 -0.485172 0.188712 0.488932 -0.332365 -0.0951655 -0.0356067 0.0831936 -0.0310721 0.278139 0.389985 0.247041 0.146559 0.0957738 -0.0245171 0.318303 0.194543 -0.780662 0.586105 0.228211 -0.145093 0.0928605 
0.0849079 -0.349511 0.233947 -0.150953 0.155199 -0.144426 0.254885 0.0865938 -0.139726 -0.266245 -0.398579 -0.251014 0.222687 -0.430944 -0.0461803 -0.11292 -0.0477495 -0.0772521 0.165219 0.342236 0.169789 0.0117783 0.438009 0.145272 -0.269918 0.0325513 -0.63539 -0.283812 -0.0392381 0.419517 0.109048 0.04567 
-0.229994 0.342995 -0.105283 0.225205 0.19857 -0.150398 0.0117987 0.358843 -0.116645 -0.0867803 0.407829 -0.193958 -0.217724 0.0616487 0.593122 -0.265474 -0.315604 0.158341 -0.223238 0.154186 0.170119 -0.0852291 -0.600542 -0.0997992 -0.0526774 -0.335932 0.516388 -0.391916 0.383585 -0.274564 -0.0462458 0.153592 
0.0684318 0.148471 -0.221203 -0.0329983 0.298072 -0.209404 0.0258447 -0.418572 0.303816 0.433673 -0.0125298 0.386092 0.195322 -0.319408 -0.179381 0.179719 0.138933 0.497381 -0.266096 0.00905168 0.112152 -0.266638 0.209252 0.0594745 0.297431 0.425641 0.267558 0.381016 -0.148923 0.221313 -0.0653924 -0.380491 
0.0697844 0.0134051 0.18651 0.067857 -0.195999 -0.0876455 0.249285 -0.492183 0.0460277 -0.363245 -0.106092 -0.0586505 -0.0826528 -0.285473 -0.178932 0.35628 -0.0880918 -0.145027 0.065332 -0.57594 -0.111665 -0.0254159 -0.216466 0.185765 -0.499775 0.0510937 -0.0332188 -0.0486978 0.272407 0.201389 0.170811 0.642191 
-0.0852065 0.0573211 0.410048 0.318795 -0.030324 0.0593332 -0.17339 0.315703 -0.0039115 0.320519 -0.342947 -0.086564 0.335046 -0.221879 -0.0302844 0.246955 0.233094 -0.264953 0.271014 0.121429 -0.290368 0.0545486 -0.292806 -0.190143 0.405642 -0.0260245 0.0611594 0.378048 -0.124636 -0.0680299 -0.179761 0.0901582 
-0.0107082 -0.0697126 0.108952 -0.0410328 -0.0103795 -0.0644372 -0.325329 -0.614291 0.256081 -0.368276 0.799145 -0.00887197 0.309845 -0.43114 -0.361918 0.542939 -0.0960918 -0.0909031 -0.535632 -0.0864603 -0.336355 -0.528439 -0.276603 0.0692873 0.0455374 -0.215444 -0.152664 -0.0790984 0.0165264 -0.0324245 0.0110598 0.305819 
0.197862 0.420013 -0.0352143 0.487483 0.0555744 0.239456 -0.426808 0.311657 0.471181 -0.227663 0.302785 -0.118974 -0.358803 -0.359133 -0.176035 -0.454894 0.149964 -0.111668 -0.241354 0.113609 -0.0401058 -0.517958 -0.717103 0.605431 -0.433402 0.330232 0.226333 -0.116875 0.297807 0.237393 0.188942 0.19567 
0.657405 0.153728 -0.216847 0.11298 0.093185 -0.343655 0.124637 -0.0356346 -0.271318 0.127422 0.145392 -0.330119 -0.231711 -0.630644 0.114986 -0.0817476 -0.142312 -0.126368 0.631861 -0.182417 -0.0443253 0.214758 -0.176986 -0.177727 -0.05501 -0.250653 0.305398 0.242797 -0.0132598 0.19434 -0.161533 -0.255854 
0.348068 -0.0783798 -0.442875 -0.158747 0.177965 -0.318238 -0.194381 0.206649 -0.190816 0.251011 0.176528 0.177472 -0.079633 0.291514 0.0957246 0.0780556 -0.134853 -0.172414 -0.104362 0.120822 0.0423438 0.018652 -0.356906 -0.312666 0.667999 -0.0515086 -0.669869 -0.245261 0.142831 0.0685986 0.0988844 -0.1091 
-0.309781 -0.0439905 0.0321529 0.468185 -0.0622283 0.137773 -0.225167 0.0469553 0.388783 0.251362 -0.0755724 0.30915 -0.357124 0.620152 0.687206 0.408023 -0.152262 0.282843 -0.0711567 -0.409918 -0.298505 0.171937 0.177416 0.369494 0.420428 0.107547 -0.175767 0.26326 -0.123855 -0.0768825 -0.14584 0.166365 
-0.720873 0.186313 0.0345494 0.116899 -0.275915 -0.190618 -0.136146 0.112869 -0.239257 0.0882819 0.422018 0.0036193 -0.191566 0.209224 0.111642 0.256172 -0.407933 -0.259515 0.146254 -0.106438 -0.0875773 0.623669 -0.336944 -0.267148 0.131216 0.38729 -0.00388848 0.00736146 0.0104071 -0.149729 0.473726 0.189534 

-0.263415 -0.391725 0.00643342 0.36067 0.317658 -0.129712 0.173539 0.078401 -0.04143 -0.00444325 0.682021 -0.832996 -0.0952187 0.193662 -0.276825 -0.203151 0.534148 -0.130571 -0.309589 -0.453429 0.193098 -0.346532 -0.120578 0.0243144 -0.259242 -0.124466 0.331676 0.351164 0.325806 0.505401 0.240699 0.0623893 0.413677 0.247133 0.42306 -0.168666 0.11742 -0.00340158 0.209735 0.0759897 0.292155 -0.00824346 0.142993 -0.103063 -0.114581 0.166169 0.293786 -0.480433 
0.0355981 -0.615804 -0.333862 -0.071303 -0.362336 -0.154441 -0.0469886 0.278422 -0.278907 -0.315314 -0.270414 0.346898 0.190088 -0.329715 0.109288 0.603764 0.217417 0.232347 0.435098 0.034837 -0.0710544 0.344834 0.110827 -0.378898 -0.26341 0.25382 0.418039 -0.0779908 0.119989 -0.488176 -0.258424 -0.144413 -0.503979 0.00771353 0.0842838 0.333685 0.153273 0.337295 -0.587893 0.174366 -0.278019 -0.258307 0.221265 -0.387931 0.0119775 0.330553 0.215834 -0.370605 
0.2629 0.350933 -0.635768 0.491846 -0.204234 -0.224942 -0.487053 0.132356 -0.271121 -0.0690145 0.354365 -0.751133 0.342809 0.395941 0.00445437 -0.16117 -0.496346 0.0887382 -0.127485 -0.0430732 0.126033 0.184621 0.131293 -0.151986 -0.673686 0.0525574 -0.239917 0.238291 0.68311 -0.324083 -0.432315 -0.25399 0.026849 0.131917 -0.0621442 -0.177385 0.206975 0.350803 0.254971 -0.364147 -0.318211 0.309337 -0.21528 -0.275402 0.105277 0.0891744 0.463427 -0.691069 
-0.122088 0.0359425 -0.134142 0.303946 0.220563 0.297151 0.151959 -0.453123 0.0497082 0.212044 -0.214833 0.132818 -0.11204 -0.347147 0.178828 0.21481 -0.21523 0.116684 -0.262575 -0.00825569 0.167487 -0.00760375 -0.0724024 0.149276 -0.298267 0.312318 -0.126127 -0.492991 0.401491 -0.262699 0.0159406 0.279405 0.073243 -0.418201 -0.0166503 -0.306194 0.178949 0.13531 -0.159317 0.228657 0.0473523 -0.0741496 0.0614755 0.235313 -0.121296 -0.0596964 0.150122 -0.336527 
-0.243013 -0.412453 -0.344783 -0.0755257 0.179944 0.182815 0.0737497 -0.118323 -0.104869 -0.0523767 -0.0113137 0.296623 -0.0150758 0.00462683 -0.623973 -0.241832 -0.113575 0.259377 -0.248027 0.0653745 -0.505313 -0.107344 -0.00596809 -0.157961 0.118506 0.0555078 -0.222648 -0.00278956 0.59581 -0.672526 -0.339317 -0.247202 -0.784978 0.8159 -0.022728 -0.905034 0.0987149 0.351022 -0.123358 -0.306154 -0.00135479 0.165329 0.29047 0.283569 -0.130044 0.266497 -0.558263 0.356381 
0.225874 0.0937099 0.421756 0.0205605 -0.313634 -0.184213 -0.437401 -0.195127 -0.128705 -0.360048 0.102083 -0.132895 0.167426 0.0627662 -0.0800969 0.882448 -0.0213328 -0.102825 0.577414 0.0773818 -0.651803 0.154056 0.0712283 -0.353158 0.319385 0.0616975 0.230412 -0.110659 -0.271805 0.272149 -0.354278 -0.0459313 0.365858 0.067477 -0.325371 0.0522243 0.183264 -0.162771 0.157097 -0.245441 0.0771802 0.25918 -0.0783358 -0.355394 0.021946 -0.158433 -0.672945 0.000612724 
0.0387425 -0.395531 -0.222005 0.886939 -0.541475 -0.450778 -0.366218 0.0779104 -0.089079 0.164194 -0.0327492 0.239116 0.136342 -0.0870274 0.193185 -0.0977998 -0.0195503 0.467815 -0.0455757 -0.136286 -0.294956 -0.488479 -0.081727 -0.217775 0.0707011 0.439937 0.326831 -0.207353 -0.318495 -0.0461144 0.393259 0.0202471 -0.141646 -0.128746 -0.592813 0.516879 0.320477 0.240968 0.294789 -0.368602 0.405162 -0.63796 -0.129486 -0.0584959 -0.424986 -0.236301 0.143704 0.455464 
-0.368487 0.0981286 -0.280823 -0.363443 -0.09035 -0.0625498 0.0187807 -0.019649 0.0773878 -0.254389 0.372998 -0.241108 -0.300503 -0.133742 -0.220861 0.157851 0.0375129 -0.813675 0.374731 -0.24201 0.0272945 0.0695202 -0.310612 -0.167544 0.331561 0.459901 0.373961 -0.0934261 -0.3764 0.517664 -0.237963 0.455113 0.315793 0.0812145 -0.20833 -0.074557 0.0186646 -0.18955 0.205794 -0.503948 0.156062 -0.0212077 -0.145056 -0.444441 0.145051 -0.365917 0.613411 0.182564 
0.0204091 0.688141 -0.0594471 0.0477031 -0.142339 0.229941 -0.11984 -0.410778 0.0898421 -0.0458795 -0.504204 -0.586558 0.471785 0.457834 0.168555 -0.412422 -0.360952 0.260224 -0.186978 -0.0422869 -0.229325 0.0188165 0.353765 -0.673263 0.297609 -0.0912911 0.382296 -0.45734 0.142792 0.395705 -0.274777 -0.136799 0.183846 0.265776 -0.0890955 -0.258493 -0.104283 0.691065 -0.369271 -0.0144415 0.345185 0.326525 -0.000999353 -0.68303 0.484359 -0.132445 -0.495451 -0.776593 
-0.17222 -0.0824289 0.0811202 -0.401545 -0.0636125 -0.165115 0.125191 -0.0660033 0.0435939 -0.392514 -0.223344 -0.113614 -0.596808 -0.798121 0.649587 -0.412961 0.0676551 0.260491 -0.0714543 -0.336628 -0.548444 -0.140725 0.24893 0.396741 0.185801 -0.052069 0.313711 0.0701599 0.115487 0.41826 0.193567 0.243267 0.0358311 -0.325312 0.441722 -0.327782 -0.490427 0.266913 -0.0937841 0.153167 -0.4256 -0.317128 -0.260448 0.177591 0.0847516 -0.210861 0.36463 0.452408 
-0.250369 -0.00682384 0.115779 0.401187 0.152451 -0.23529 -0.402072 -0.561749 -0.287358 0.511639 0.108412 0.428128 0.029899 -0.298021 0.071395 -0.23427 -0.0233334 -0.0868835 0.337949 0.0862392 0.48003 -0.355836 -0.0605941 0.0544303 0.227036 -0.321042 -0.0679783 0.311788 0.968097 -0.303348 0.164195 0.117729 -0.310172 -0.320026 0.218916 -0.157721 0.344684 -0.183157 -0.119469 -0.242675 0.628482 -0.0110566 -0.414546 0.358381 -0.00907779 0.256848 0.124111 -0.032411 
0.169965 -0.13794 0.0538283 0.0499951 -0.493776 -0.306766 -0.195575 0.0332603 -0.327808 0.0364464 -0.254952 0.0402899 -0.266901 0.209243 0.158019 0.0229263 -0.110782 0.0769339 0.165206 0.533902 0.193778 0.0457372 -0.308773 0.22226 0.334681 0.17668 0.580642 -0.274398 0.733528 0.104753 0.293191 0.303494 -0.0331875 0.0470194 0.0534883 0.373037 -0.559747 0.157913 0.706297 -0.287554 0.19436 0.151346 0.352736 -0.0725419 0.360589 0.210755 -0.0496152 0.249807 
-0.0123112 0.115591 -0.116292 -0.418534 0.161328 -0.125065 0.103726 -0.103992 -0.248385 0.684368 0.22161 0.485143 0.48912 0.514803 -0.111363 0.155932 0.561822 0.242125 -0.0710307 0.00207549 0.400039 0.0352665 0.0145217 -0.0056023 -0.113387 -0.532742 0.221856 -0.352799 -0.0219879 -0.127759 -0.102992 -0.0342993 -0.312168 -0.219284 -0.152833 0.14916 -0.644348 -0.0491066 -0.254832 -0.292733 0.335261 0.566779 0.492411 -0.0756193 -0.118419 0.381048 0.380313 0.743403 
0.0231723 0.00928242 0.445479 0.12321 0.344549 0.16 -0.782391 0.231161 -0.0727417 0.639465 -0.421637 -0.39473 -0.688295 0.375371 0.170971 -0.400463 0.156087 0.0181383 0.648697 0.111738 -0.030968 -0.206136 0.119006 0.00429248 0.360644 0.611416 -0.0713269 0.242224 -0.207537 -0.291014 0.385627 -0.184364 0.0182687 -0.0688934 -0.0611544 -0.237182 0.391107 0.656454 -0.306021 -0.281635 0.395918 -0.127659 -0.076364 -0.292377 -0.0522879 -0.505393 0.507161 -0.196201 
-0.487254 -0.0441427 0.215537 0.0817776 0.649722 0.334542 -0.21393 -0.189635 0.0459577 -0.285257 -0.24741 -0.16158 0.0237294 0.138217 0.254056 -0.258002 0.369324 0.492901 0.104816 -0.139569 0.549356 0.698795 -0.421204 0.0452737 -0.328864 0.102432 0.352897 -0.0811525 -0.10296 0.260058 0.322645 0.309785 0.215915 -0.361818 0.0915627 -0.0343632 -0.627275 -0.122367 0.0760022 -0.581318 0.192375 -0.171408 -0.442897 0.516105 -0.0331904 -0.188841 0.258103 0.336133 
0.30406 0.662919 -0.103436 0.253415 0.161714 0.0753602 -0.301311 -0.167151 -0.122208 -0.548413 0.0516969 0.374832 -0.288356 0.0743428 -0.215383 -0.0724401 0.0125255 0.47618 0.493198 0.28525 -0.246188 -0.3308 0.303932 0.246188 -0.502207 -0.738964 0.162293 -0.235398 0.272195 0.420396 0.100735 0.576254 -0.116684 -0.00270093 -0.0703309 0.0450291 0.0726589 -0.071642 -0.122121 -0.349548 -0.0200556 -0.370424 0.325284 -0.308411 -0.296082 -0.190098 -0.380852 0.316443 
-0.0139187 -0.487654 -0.298306 -0.560106 0.0815457 0.305626 -0.0139173 0.179338 -0.133338 0.448376 -0.0560601 -0.161144 -0.0312278 0.344675 -0.18489 -0.147912 -0.558026 0.044779 -0.402883 -0.185367 -0.026863 0.0749953 0.0650852 0.253081 0.604571 0.390369 -0.05533 -0.291511 0.50027 -0.136181 0.324933 -0.113648 -0.0238346 0.326627 0.226246 0.0577111 0.332253 -0.0876719 -0.36295 -0.101085 0.060704 -0.41901 0.0377709 0.029476 0.225664 -0.44712 0.181564 0.267639 
0.49766 -0.22132 -0.517728 -0.429203 0.153676 0.447357 -0.476122 0.158247 0.237726 -0.231452 -0.133264 -0.462003 -0.367633 -0.108331 0.324349 0.508532 -0.0817052 -0.0494058 0.566243 -0.349452 0.162922 -0.0967076 -0.450537 0.223626 -0.215718 -0.412767 -0.346898 -0.290054 0.0401137 0.134666 0.577584 -0.0622274 0.213347 0.0598558 -0.191431 0.0670225 -0.392788 0.232447 -0.0747309 -0.155061 0.300995 0.992005 0.282935 -0.0666384 -0.0163263 0.307284 0.441894 -0.398031 
-0.342122 -0.191863 -0.447483 0.1208 0.61143 0.30198 0.0444259 -0.204289 -0.110787 0.297528 0.405658 0.229326 0.132194 -0.216758 -0.432901 0.04554 -0.456903 -0.0243312 -0.187438 0.0503104 -0.0918841 -0.262169 -0.104751 -0.0908887 0.129836 0.178184 0.442473 0.11351 0.185467 -0.0156327 0.315479 0.443345 -0.207495 -0.132004 0.264145 -0.196066 0.769975 -0.291429 0.199646 0.0591874 0.00609814 0.00530326 0.588514 -0.161708 0.088545 0.155613 -0.116167 -0.0683576 
0.131282 -0.00360537 -0.318047 0.339398 0.0342257 -0.122798 -0.351491 -0.135938 0.355385 -0.209018 -0.322428 0.240852 -0.22465 -0.306948 -0.515803 -0.132145 0.161047 -0.251659 0.271789 0.0310227 0.656912 -0.128566 0.39021 0.0630101 0.176738 -0.221276 -0.098698 0.265283 -0.365662 -0.214866 -0.103075 -0.23438 -0.218471 -0.721122 0.405018 0.715755 0.356078 0.0535274 -0.620183 -0.188536 -0.15549 0.257389 0.0523154 0.21986 -0.0495589 0.136512 -0.212286 0.411488 
-0.115147 0.0595025 0.142511 -0.358236 -0.369063 0.232721 0.00477515 -0.492326 0.0114458 -0.0939229 -0.227042 0.545784 -0.308789 0.569883 0.311404 -0.22726 -0.15124 0.116422 -0.111505 0.204839 0.16995 -0.131688 0.616302 0.31446 -0.174299 -0.231382 -0.365681 0.376142 -0.0948711 0.0220328 -0.412369 0.0899818 -0.218465 -0.269858 0.631746 0.312472 -0.0371368 -0.263479 0.420147 -0.0256909 -0.0574017 0.193104 0.220093 0.23381 0.162987 0.231497 -0.29345 -0.588253 
0.347918 -0.404955 -0.0834145 0.217868 -0.236644 -0.0671124 0.232327 -0.410942 0.0015042 -0.433353 -0.0348001 0.206633 0.188679 0.152831 -0.303385 0.270214 -0.117027 0.0283614 0.882686 0.145836 -0.235117 0.102834 0.120145 0.30748 -0.304062 0.340238 0.24129 -0.141075 -0.0282655 -0.0521599 0.470672 0.319654 0.442885 0.0872563 0.237521 -0.693759 0.320144 -0.130151 -0.204701 0.621648 0.0364955 0.360499 -0.0717188 -0.0748251 0.21333 0.224896 -0.10461 -0.203697 
-0.0467424 -0.421924 -0.0578613 0.0181402 0.58091 0.0622839 0.0256209 0.576848 0.102522 -0.0330887 -0.164227 0.0742561 0.514752 0.00644457 0.0939095 0.0576364 -0.506299 0.631431 0.263877 0.113845 0.50128 -0.240824 -0.164507 -0.362225 -0.480325 -0.236226 -0.13705 0.0330046 -0.311329 -0.541661 0.129307 -0.0580716 -0.0635837 -0.228553 -0.039932 0.217326 -0.16627 0.285689 0.794174 0.536251 0.2526 -0.270053 0.310507 0.467352 0.0363912 -0.495583 -0.0750122 0.130092 
-0.164152 0.488865 -0.0560628 0.0371278 0.548041 0.0794301 0.874903 0.0677157 -0.156796 -0.162147 0.10072 0.131875 0.196192 -0.0699724 0.0738033 0.432608 0.00147358 0.033871 0.0499342 0.135204 -0.58044 -0.0558923 0.0714551 0.272161 -0.325945 0.381963 -0.160487 -0.289554 -0.113619 -0.2355 0.440538 -0.577771 -0.0466343 -0.815524 0.359356 0.201407 0.463906 0.0342594 -0.030878 -0.29289 0.172112 0.0698423 0.138985 0.068305 -0.000130105 0.212787 -0.0990867 0.301344 
-0.353342 0.250847 -0.163453 -0.0337813 -0.105044 -0.391998 -0.0616207 -0.13099 -0.0100344 0.0778918 0.479456 0.176345 0.142392 -0.280005 0.198574 0.0957574 0.40447 -0.34207 -0.00283616 -0.331624 0.29219 -0.0337142 -0.0245144 -0.435698 0.336128 0.71447 0.232607 0.035998 0.0272577 0.133521 0.337342 0.273916 0.0843679 -0.126112 -0.0598652 0.279324 -0.518109 -0.121485 0.448334 0.371856 -0.043594 -0.272209 -0.0517988 -0.201202 0.0477857 0.146776 -0.105444 -0.147744 
-0.495294 0.19172 0.120631 -0.203104 -0.141995 0.0961172 -0.338801 -0.405867 -0.389413 -0.106194 -0.0698685 -0.0621544 -0.272673 -0.032527 0.211761 0.111695 -0.158638 0.151897 -0.208981 0.523253 -0.26959 -0.360647 0.295109 0.286817 -0.332857 0.24331 0.385615 0.0149292 0.0900858 0.28017 -0.132815 -0.105208 -0.12811 -0.0121836 0.291688 0.0298947 -0.216067 0.252888 0.224029 0.594522 0.446694 0.15416 0.532366 -0.425979 0.121633 -0.155873 -0.0142838 -0.0370054 
-0.00397644 -0.223264 -0.713753 0.626434 -0.283911 -0.118645 -0.28675 -0.0167675 0.424666 0.0988644 -0.00183845 -0.385249 0.0790345 -0.134654 -0.490457 -0.0490757 0.153164 0.101232 -0.619181 0.237097 0.35412 0.204848 -0.068382 0.200814 0.0590076 0.163984 0.674835 -0.119359 0.00811166 0.360552 0.743636 0.00413522 0.137287 0.0298818 0.630569 -0.146624 -0.0887625 -0.256181 -0.163391 0.335903 0.442683 0.434771 -0.0493463 -0.0782821 -0.899882 -0.539802 0.172642 0.453281 
0.161429 -0.446539 0.0903779 0.215549 0.058309 0.321996 0.116364 0.117316 0.18598 -0.108801 -0.602043 -0.105908 -0.348249 -0.158408 -0.101773 0.0890384 0.171474 0.528796 0.242416 -0.217288 -0.0273848 0.0790246 0.118615 0.415299 0.513796 0.369268 0.0370161 0.513914 0.129466 -0.0903418 0.367194 -0.00910518 0.0631189 0.157572 -0.393556 0.121428 -0.120432 0.022808 0.238744 0.0655482 -0.085993 0.236701 -0.0403603 0.165758 0.378293 -0.742134 -0.345203 -0.350232 
0.386663 0.197213 0.33248 0.0592773 0.276237 0.451094 0.174575 -0.109967 -0.079638 -0.388408 0.403946 0.649828 -0.178751 0.171141 -0.559279 -0.115631 0.028713 -0.0528337 0.00579715 -0.0917191 -0.0300258 0.244542 -0.0261709 -0.416019 0.181243 0.533469 0.0497393 -0.0404637 0.391335 0.00453589 0.209304 0.177998 0.201748 0.241784 0.237276 -0.422014 0.0928769 -0.188149 -0.231982 -0.286761 -0.276557 -0.128036 -0.236934 -0.155308 0.343105 -0.196212 0.0290613 0.071818 
-0.249046 -0.265142 -0.319901 -0.279072 -0.3206 0.253928 0.504909 -0.739357 -0.112603 -0.0453519 0.420179 -0.321267 0.259185 0.0294835 0.156731 -0.439067 -0.328733 0.394007 0.0389189 -0.235856 0.205857 0.406937 0.0773828 0.529299 -0.0210978 0.140449 0.0739917 -0.277993 0.844237 -0.196947 -0.206175 -0.00480933 0.437912 0.373925 0.316118 0.117312 -0.272147 -0.378972 0.277955 0.21525 0.175676 0.398134 -0.106017 -0.165139 0.427617 -0.549286 0.295795 0.0988848 
0.74472 0.0347145 -0.436972 0.0505771 0.141652 -0.359589 -0.0201232 -0.179446 -0.21914 0.653868 0.142562 -0.574904 -0.143079 -0.0636135 0.0202869 -0.00516681 0.310311 0.0364054 0.112145 -0.261836 -0.0425669 0.3901 0.553414 0.133109 0.788234 -0.452603 0.26797 0.0158517 -0.101889 0.263765 0.114736 -0.257169 0.298479 -0.0222356 0.393409 0.14013 -0.0818244 -0.226716 0.560685 -0.000964542 0.127153 0.103246 0.324132 0.284075 0.639633 0.0444187 -0.0210921 0.349943 
0.0808242 -0.208947 0.388107 0.0382573 0.181152 0.0415212 -0.128633 -0.230613 0.188918 -0.160663 -0.214762 0.0870299 0.103102 -0.100025 0.129861 0.101581 0.477739 0.523269 -0.358288 0.0959147 -0.00344593 -0.097603 -0.50505 0.123707 0.305643 0.119082 -0.492218 0.0452758 -0.436499 0.08669 0.095219 0.244325 -0.422257 0.183327 -0.0174178 -0.241105 -0.0751518 0.153949 0.428282 -0.186234 -0.00671403 -0.0864796 -0.0992047 0.0963882 -0.486505 -0.269344 0.19797 0.291235 
-0.346074 -0.460319 0.687149 -0.0495205 -0.257922 -0.417901 0.0741869 -0.252278 -0.298819 0.181969 0.392998 -0.135318 -0.0313412 0.188217 0.109007 0.446402 0.0715438 0.39159 0.805297 -0.603608 -0.0544616 -0.26642 -0.489843 -0.361176 -0.0529001 -0.289046 0.335212 0.360595 -0.25839 -0.366818 0.0518306 -0.00446482 -0.227137 0.13898 -0.653985 0.414942 -0.578921 0.620202 0.162663 0.0222605 -0.0978295 -0.0443386 -0.413057 -0.129171 -0.156122 0.29595 0.0172311 -0.384578 

0.38754 0.222527 0.211814 0.0330777 0.256107 -0.278029 -0.0280981 0.203207 0.0329252 0.00711533 -0.0361972 0.074535 0.240297 -0.284367 -0.529929 -0.28684 -0.145388 -0.283915 -0.171898 0.175691 -0.563713 -0.609234 -0.102048 -0.361543 
-0.0535725 -0.515105 0.409286 -0.209694 0.680845 -0.173483 -0.294272 -0.431615 0.349044 0.217542 -0.0985376 0.00515215 0.539514 -0.126635 0.208359 0.572439 -0.71952 -0.127838 0.046974 0.120777 -0.112205 -0.482955 0.133937 0.0424074 
-0.466871 -0.337961 0.218099 0.169416 -0.047195 0.41605 0.107872 -0.400768 -0.099055 0.217159 -0.610461 0.58179 0.043676 0.295266 -0.449827 0.39272 -0.387191 -0.548364 -0.202128 -0.447678 0.525001 0.00623092 0.124761 0.105481 
0.178393 -0.428265 0.226258 0.0661875 -0.0112201 0.060194 -0.191406 -0.478091 0.622233 0.626693 0.291325 0.275038 -0.157257 -0.200803 0.174271 -0.256313 0.316356 0.163809 0.325477 0.0600314 0.459076 0.17565 0.152751 -0.228116 
-0.0727133 0.250624 0.224206 -0.147712 -0.0431457 -0.251033 -0.0422317 0.135248 0.520702 -0.115975 -0.698566 -0.0905178 -0.35578 0.310028 0.0313912 -0.633547 0.0367213 0.322716 0.241491 0.479464 -0.178087 0.115761 -0.0768489 -0.161732 
-0.32043 0.248628 -0.1017 -0.161354 -0.175721 0.0510515 0.210529 0.351565 0.301675 0.134735 -0.0961467 -0.0414699 0.483702 -0.138378 0.393778 -0.195595 -0.254353 -0.00478798 0.313887 0.289866 0.00524087 -0.254722 -0.0436809 -0.258038 
0.367994 0.19781 -0.0785739 -0.110094 0.0135709 0.444578 -0.571826 -0.306859 -0.206795 -0.373526 0.131786 -0.0825155 -0.0224746 -0.257685 0.56905 0.2792 -0.122951 0.472903 -0.0622692 0.060752 0.634525 0.0315086 -0.134843 -0.219828 
0.0267206 0.179043 0.370038 0.031961 0.224322 0.326357 -0.226077 -0.607684 -0.375833 0.29535 -0.417779 0.537738 -0.160073 0.210395 -0.0691209 0.233132 0.13687 0.0626656 0.150617 -0.485605 -0.19502 0.419667 0.0935959 -0.31797 
0.59257 -0.268674 0.342782 0.327095 0.362834 -0.0920615 -0.492734 0.0895549 -0.213018 0.177306 0.421516 0.0113042 0.503663 -0.40456 -0.29638 -0.77217 -0.409212 0.485841 0.0655683 -0.269284 0.396236 0.296447 -0.0361519 -0.0668944 
-0.240888 0.114465 -0.2525 0.164093 0.534131 -0.158904 0.446123 0.226702 -0.127578 0.188904 -0.346203 -0.0647433 0.096843 0.0610637 0.324811 -0.116174 -0.0616317 -0.153673 0.19513 -0.457969 -0.258234 0.19875 0.569861 0.232556 
-0.21541 -0.26457 0.263272 -0.419173 -0.568123 -0.0728805 -0.186068 -0.209011 0.0415845 -0.438567 -0.644918 -0.0242839 -0.297472 -0.498795 -0.0975821 -0.12505 -0.00989061 -0.143785 0.110206 0.0869534 0.217277 0.435018 0.270779 0.155646 
-0.318655 -0.134091 -0.302323 0.0231111 0.0646587 -0.332462 -0.0443328 0.149249 0.002967 -0.381062 -0.269924 0.0348442 0.146058 -0.455992 -0.474167 -0.112357 0.605441 -0.219085 -0.436641 0.307969 0.18212 0.0657765 -0.417081 -0.72777 
0.52199 -0.00687365 -0.340818 -0.160731 0.128143 -0.370039 -0.00508541 -0.490511 0.0958704 -0.307408 -0.1674 0.160529 -0.33987 -0.211733 0.00977827 -0.0369032 -0.292794 -0.260146 -0.00205912 0.753264 -0.416138 -0.176226 0.340907 -0.110697 
0.50469 -0.995734 -0.402728 0.686809 -0.0299582 0.380192 0.259039 -0.107967 0.0733176 -0.0817789 0.0313013 0.201462 -0.151818 0.0262163 -0.28905 0.244052 0.0188074 -0.156449 0.40458 -0.0210631 0.231818 0.114359 -0.657967 -0.360976 
0.154213 -0.0600253 0.392288 -0.261926 0.363749 -0.466805 -0.372622 -0.0315618 -0.56254 -0.17535 0.355247 0.307502 0.504841 0.314286 -0.400465 0.27816 -0.0674927 -0.0691643 0.179622 0.0806897 -0.042948 0.190572 -0.275258 -0.32414 
0.0341224 0.429322 -0.0452035 -0.0340594 -0.356319 0.79683 0.204965 0.0978937 0.136805 -0.00274679 -0.164032 -0.0994468 0.130448 0.363345 -0.131008 -0.132092 -0.112005 0.224239 -0.12459 -0.207164 -0.0614746 0.0749453 0.370995 -0.728968 
-0.594219 -0.349383 -0.348278 0.262833 0.141188 -0.623536 0.238693 0.475311 -0.494214 0.493489 0.141251 0.349467 0.0903194 0.346217 0.147361 -0.372876 -0.256531 0.283329 0.127678 -0.426082 -0.253326 0.296669 0.0418259 0.234668 
0.220908 -0.0827638 0.627504 -0.140566 0.292182 0.0985 0.330466 0.297964 -0.250883 0.282188 -0.0392034 0.490305 -0.0413482 0.199489 0.365616 0.0644379 0.0929788 -0.0931324 0.113905 0.183298 -0.346916 0.261266 0.410422 -0.00344607 
-0.355405 -0.0619003 0.170471 0.291268 -0.0652316 0.212297 0.225936 -0.444323 0.129534 -0.0465593 0.315111 -0.178285 0.0519407 -0.254423 0.419678 -0.198943 0.027765 0.0804745 0.291363 0.286417 -0.0200355 0.0569787 0.350854 -0.227057 
-0.636154 -0.135241 -0.0437583 -0.383069 0.126025 -0.233337 0.213484 -0.22938 0.00476313 -0.216045 -0.538112 -0.0604677 -0.00374791 -0.0121758 -0.20479 0.425786 0.241265 0.11032 -0.0524994 -0.306794 -0.744104 -0.53282 0.0942633 -0.116338 
0.447654 0.0856258 -0.129922 0.127619 -0.157395 -0.079067 0.200563 -0.193549 0.0856923 -0.443197 0.0233807 0.211719 0.523468 0.236865 -0.0176612 0.228231 0.0208197 -0.255774 -0.132237 -0.282928 -0.267949 -0.0370279 -0.157142 -0.326685 
-0.226708 -0.209642 -0.333479 -0.0708112 0.157538 0.0607841 0.11285 0.305192 0.146409 -0.317071 0.432811 -0.010986 -0.0961381 0.333372 -0.204536 -0.0104457 0.190176 0.118846 0.201273 -0.186356 0.35571 -0.416388 0.0418742 -0.22347 
0.227838 0.209638 -0.206398 -0.340112 -0.12739 0.536459 -0.0667967 -0.354098 -0.273183 -0.400275 0.475091 -0.115645 0.260509 0.287941 -0.410453 0.106918 0.27087 0.322357 -0.504068 0.174732 0.35573 -0.108603 0.164287 -0.354094 
0.310243 0.36556 0.0595503 0.365953 0.549171 -0.198575 0.142483 0.477009 0.311062 -0.063916 -0.463103 0.183673 -0.127457 0.370101 -0.470425 0.19936 -0.330175 0.00466648 0.0837149 -0.369666 0.292608 -0.026738 -0.262747 -0.336522 
0.295619 0.133185 0.43821 0.0513492 -0.275417 0.00249682 -0.00274469 0.334825 -0.231943 0.0568059 0.400778 0.0172288 -0.14177 -0.35674 -0.105763 0.769294 -0.120656 0.631135 0.0529663 0.351887 0.101236 0.782541 -0.0487527 0.0710614 
-0.112793 0.334962 0.301396 -0.720186 -0.291776 0.338649 0.143293 -0.296157 -0.428166 -0.0184975 -0.244809 -0.103584 -0.0159997 -0.547553 -0.0687585 -0.247943 0.409253 -0.267981 -0.230714 -0.0325161 -0.024721 -0.0364766 -0.463223 -0.145376 
-0.00534173 0.189744 -0.393489 0.095894 0.0722846 -0.142242 0.466955 -0.0405089 0.19272 -0.131649 0.139306 0.200944 -0.0930001 0.582599 -0.395214 0.0788338 -0.635898 0.259978 -0.0247496 -0.651899 0.312425 0.506491 0.300159 0.421678 
-0.061489 0.0694447 0.0891619 -0.68621 0.332968 -0.0740613 -0.231586 0.327627 0.115682 -0.325075 0.423521 0.487967 0.132683 -0.309524 0.147458 0.0254036 0.458827 -0.0132357 -0.073652 -0.234173 0.269363 0.131134 -0.155339 -0.066535 
-0.208888 0.119911 -0.118434 0.403538 0.0264028 -0.118275 0.225215 -0.335086 -0.0488298 0.0143774 -0.121296 -0.615862 0.240317 0.247118 0.0117647 -0.244001 -0.0779567 0.135285 -0.0560343 0.354727 0.125761 -0.208576 0.0801303 -0.315411 
-0.221812 0.00647821 -0.249585 0.0475508 0.137613 -0.104924 -0.0189845 -0.371275 0.614987 -0.137418 0.0322615 -0.25861 0.644307 -0.0425222 0.606304 -0.00452229 -0.0281455 0.185007 0.279616 0.212171 0.432126 -0.30862 -0.33183 0.954169 
0.426665 -0.387864 -0.191104 -0.0475737 0.00355978 0.189026 -0.0629852 -0.218253 -0.104496 -0.0125704 0.429298 0.0331162 -0.117495 -0.789686 -0.338159 -0.402508 0.272896 -0.00589752 -0.361118 0.017203 -0.0484199 -0.354815 -0.28732 -0.376565 
-0.469807 -0.00770418 0.135606 -0.0376812 -0.0163239 0.103776 -0.283512 0.410341 0.315912 -0.474616 -0.837232 0.019472 0.91441 0.599782 0.10122 0.209913 -0.612788 -0.669482 0.243029 -0.130283 -0.259168 -0.0951297 0.367209 -0.586272 
0.498973 0.00609125 0.330931 -0.149447 -0.348723 -0.256388 0.0739872 0.381469 -0.264093 0.209593 -0.256212 0.0195834 0.0133692 0.0602758 -0.470076 -0.270719 0.18566 -0.407307 -0.251247 -0.0999318 -0.107525 0.149973 0.109982 -0.420313 
-0.219509 -0.546989 -0.250596 0.421324 0.557882 -0.783387 -0.464948 0.756855 -0.177294 -0.134017 -0.292592 -0.226018 0.509594 0.381395 -0.444549 -0.0544983 -0.009012 -0.40076 -0.334915 0.304357 -0.340484 0.09501 -0.266362 0.145174 
-0.0122978 0.082392 0.0452436 -0.419822 -0.0676349 -0.144774 0.0598648 0.0128563 0.508238 0.709269 -0.46582 -0.43388 -0.374117 -0.630768 -0.577025 -0.551411 0.135215 0.330382 0.12257 0.344809 -0.188224 -0.021978 -0.309689 -0.197236 
0.477262 0.255396 0.107122 0.136777 0.0504063 0.140761 0.281952 0.0381088 -0.0768471 0.0271958 0.218287 0.155517 -0.117579 -0.0218489 0.168373 0.0906589 0.0874208 0.302553 -0.343221 0.0133039 -0.0282154 0.279753 -0.538108 0.406999 
-0.289865 0.184462 -0.448192 0.121912 0.162484 0.142119 0.224677 0.339746 -0.502484 0.631799 0.476523 -0.152078 0.172559 -0.141524 0.186032 0.395712 -0.414329 0.104318 -0.348771 0.0680929 0.0824696 -0.180398 -0.141249 0.46989 
-0.477845 0.41553 0.183193 0.0939394 -0.204717 -0.354914 0.200939 -0.194582 -0.470453 0.352748 0.22733 0.592032 -0.105133 0.152007 0.331778 -0.00761714 0.183805 -0.0916989 -0.159695 -0.843635 0.0667766 -0.273664 0.452076 -0.347552 
0.130654 -0.196695 0.0205409 0.213124 -0.0770927 -0.420708 0.383014 0.345063 -0.0051768 -0.033793 0.139002 -0.209894 0.511293 0.339941 0.195524 0.0408402 -0.507311 -0.477146 0.632872 -0.0124443 -0.32514 -0.23535 0.279938 -0.141334 
-0.327049 0.420244 0.51503 0.339727 0.44658 0.667106 0.292175 -0.0227658 -0.129589 -0.287284 -0.709641 -0.206682 0.492009 -0.326628 0.138381 -0.113168 0.239579 -0.022617 -0.623063 0.150872 0.617324 -0.127538 0.191711 -0.189987 
-0.304684 0.224584 0.0975686 -0.329824 0.289234 0.0775073 -0.471159 -0.0378155 0.497751 0.343871 0.301912 0.0443317 0.110977 0.294087 -0.578434 -0.318611 -0.593197 -0.0880754 -0.225293 0.198812 -0.114704 -0.0869129 -0.214357 0.424875 
-0.10953 -0.237419 -0.0242528 -0.392206 0.235042 -0.132541 0.017807 0.230358 -0.207957 0.115376 -0.0994668 0.0812767 -0.107117 0.0293749 0.0434612 -0.209365 -0.226754 -0.254626 0.134966 0.484223 0.0394603 0.456532 -0.134389 -0.253736 
-0.531544 0.240318 0.245075 -0.346247 0.153405 -0.269281 -0.221372 -0.256125 0.0932995 -0.545625 -0.34833 0.0283419 0.221834 -0.0305234 -0.0413005 0.0138775 0.0848527 -0.740767 0.0951542 0.277736 -0.111392 0.138615 -0.23163 -0.0381459 
-0.116011 -0.0966641 0.146078 0.223449 -0.240132 0.311689 -0.0302869 0.428324 -0.347994 -0.0852119 0.0820767 -0.494589 -0.354493 -0.139295 0.149286 -0.261193 -0.38492 0.400955 0.0671482 -0.163085 0.0704319 0.025848 -0.149208 -0.144715 
-0.114919 0.245946 0.133021 0.0736897 0.384561 0.201391 0.335544 -0.33145 -0.195274 -0.118379 -0.408001 -0.135406 -0.106691 -0.138288 0.592919 -0.154685 0.3765 -0.225005 -0.0492747 0.322006 0.2357 -0.199989 -0.839187 -0.14922 
0.200966 -0.172038 -0.312306 0.571398 -0.44619 0.438486 -0.173318 -0.861109 0.0844327 0.559703 0.11258 0.168994 -0.438906 -0.151877 0.137544 -0.334179 0.0297444 0.629543 -0.169585 -0.0769464 0.191254 -0.176666 0.0683677 0.267755 
0.498329 -0.280907 0.289761 -0.165971 0.119104 0.0505744 -0.315191 0.0200703 -0.421464 -0.627496 -0.00853158 0.0323463 0.110991 -0.181848 0.371237 -0.104577 -0.222145 -0.116182 -0.235584 0.538949 0.0319416 -0.0980395 -0.39523 0.661686 
0.231504 0.0351847 -0.315261 0.122759 -0.141482 0.0531069 -0.209487 -0.243154 0.0721998 0.380274 0.490875 -0.708696 0.130849 0.175685 0.511374 -0.290615 -0.151812 0.202843 0.341731 0.259178 0.0209943 0.112968 -0.145399 0.0988488 
-0.303214 0.519018 -0.562203 0.0287279 -0.179021 0.242567 0.690414 0.352483 -0.322249 0.375153 0.175242 -0.163731 -0.471741 -0.334246 0.193115 0.20046 -0.253971 -0.216008 -0.208236 0.176878 -0.0403237 0.00313802 0.186263 0.407864 

-0.0940191 0.227994 0.067043 -0.073025 -0.259038 0.521644 -0.274177 -0.262251 -0.459338 0.0636213 0.066477 -0.0383593 0.606188 -0.143109 -0.585877 -0.0160609 
-0.0679574 -0.110635 0.120208 0.0603027 -0.444881 0.0133238 -0.0392378 -0.398851 0.397316 -0.547474 0.0780267 0.956992 0.055664 -0.035711 -0.435144 -0.038355 
0.192284 0.231899 0.18862 -0.366754 0.453544 -0.385557 -0.0290051 -0.0057949 -0.321935 0.0374714 -0.0441542 -0.0157472 0.194362 -0.0300315 -0.031808 -0.173595 
0.159333 -0.5116 -0.113293 0.0144528 -0.198276 -0.452531 -0.0843988 -0.40096 -0.100005 0.593628 -0.643968 0.55566 -0.642083 0.120888 0.217304 -0.149799 
-0.247213 0.705923 -0.216553 0.206331 0.620368 0.0544419 -0.0994633 0.298433 0.0919133 0.156382 0.582686 0.286275 0.126351 0.250878 0.412679 -0.0143154 
-0.560722 -0.300614 0.600137 -0.158998 -0.453145 0.215739 0.0400413 -0.253149 -0.0906337 -0.303927 -0.29749 0.167284 -0.483039 -0.0801859 0.317485 -0.130251 
0.0257381 -0.199068 0.37608 0.0461057 -0.144626 -0.0233833 0.0445383 0.247287 0.132999 -0.272776 0.533561 -0.34065 -0.021898 -0.253759 -0.354965 -0.58262 
0.345628 -0.054828 -0.141618 0.192484 -0.139089 0.198423 0.239335 -0.229722 -0.105504 -0.058155 -0.0624378 0.311457 0.461659 0.255047 -0.418794 0.187397 
-0.244021 -0.0427144 0.233503 -0.0886472 -0.0660983 -0.921958 0.158639 0.666901 -0.294734 0.0922013 -0.273748 -0.316632 -0.161557 -0.0287136 0.000747453 -0.41593 
0.216459 0.159129 0.376555 0.0773702 0.0575524 -0.58411 -0.152352 0.252049 -0.0422658 0.0852106 -0.0364945 -0.180607 0.340258 0.144711 0.00678995 -0.203764 
0.401997 0.240293 -0.592411 0.335899 -0.0816654 -0.433772 -0.4972 -0.0764001 -0.0415706 -0.470948 0.206968 0.0968724 -0.499662 -0.392285 -0.0190572 0.0167971 
-0.233155 0.0574974 0.0941673 -0.175603 -0.226614 0.241816 0.376445 0.331121 0.0270263 0.339951 -0.449487 0.067284 0.184662 -0.142696 0.16352 -0.013341 
0.0975973 0.471109 0.0225585 0.015932 0.337337 -0.174642 -0.0604679 -0.00423331 -0.0455899 0.1465 0.0926391 -0.545252 0.354215 -0.526418 0.0715452 0.121059 
-0.168922 -0.434287 0.245456 0.204465 0.107529 0.621902 -0.664415 -0.165445 0.0618526 0.086099 -0.0981616 -0.0534854 -0.056597 0.0653589 0.533173 0.0410004 
0.236467 -0.0442684 0.0569326 0.273804 0.38109 -0.00353549 -0.0304285 0.0355001 -0.457035 0.0622103 -0.209752 -0.402821 0.435792 0.461794 0.0182389 -0.0331299 
0.0275064 0.563695 0.471335 -0.464965 -0.0144033 -0.49308 -0.33041 0.0474495 -0.106981 -0.128572 -0.306036 -0.163578 0.236787 0.227137 -0.122578 -0.126746 
0.182869 -0.0656454 0.147059 -0.0360408 0.23082 -0.18337 -0.000540711 0.0737835 0.17884 -0.510292 -0.0290367 -0.285368 -0.348498 -0.310798 -0.318498 -0.320992 
-0.0471032 -0.747162 -0.485958 -0.0615063 -0.340242 -0.216368 -0.614057 0.452777 -0.0449405 -0.0200932 -0.310801 0.191846 -0.0929558 0.166621 0.0651002 0.0899134 
0.400976 -0.0878415 -0.246128 -0.568205 -0.271211 0.353332 0.105579 0.207629 0.14304 0.376543 -0.377739 0.394541 0.0657453 0.203764 0.0735488 0.0186422 
0.356602 -0.112409 0.257136 0.0163592 -0.0287764 -0.356921 -0.130864 -0.0737178 -0.0770141 -0.141666 -0.481872 -0.46997 -0.275045 0.183228 -0.0800568 -0.174069 
0.395386 -0.026184 0.157726 -0.175825 0.327147 0.263306 0.0318039 0.470187 0.0398488 -0.345935 -0.635271 0.105594 -0.442171 0.0382771 -0.475764 -0.0855692 
-0.0741317 -0.518628 -0.069211 -0.402909 0.324451 -0.200075 0.423374 -0.352563 0.258259 0.241502 -0.222532 0.583214 0.12473 0.297411 0.409146 0.520117 
-0.0287734 -0.0331271 0.344292 -0.301626 -0.0698212 0.676096 -0.731438 -0.329973 0.0301612 -0.16671 -0.224379 -0.112009 0.771567 -0.400143 0.402421 0.0974355 
0.281229 0.0332108 0.294527 -0.29432 -0.166864 -0.7821 -0.0468826 -0.508605 0.359403 0.0305842 0.374609 0.484134 0.627995 -0.416245 -0.195749 -0.300778 
0.150628 -0.151457 -0.302404 -0.219193 0.224639 -0.433842 0.050834 -0.0451994 -0.000552163 0.426456 0.142792 -0.128985 -0.273687 -0.0547873 -0.33155 0.00754173 

-0.321577 0.262977 0.0132215 0.411559 -0.519122 -0.033661 -0.0970459 
0.140281 -0.00307676 -0.322436 0.324416 0.324919 0.161318 -0.471334 
0.324139 -0.288054 -0.0227904 0.0217352 -0.207248 -0.0981512 -0.112107 
0.143586 -0.143351 -0.112659 -0.329958 -0.000559519 -0.241645 0.296354 
0.244653 -0.273194 -0.296104 -0.0769238 -0.310217 0.017118 0.0346362 
0.070661 -0.316543 -0.36241 0.210942 -0.31962 0.215153 0.235358 
0.305298 -0.223528 -0.235976 -0.570563 -0.211582 -0.258766 -0.248827 
-0.41883 -0.0569179 -0.0609346 0.0247569 0.399731 0.126406 0.294799 
-0.200829 0.184762 0.291153 -0.256175 0.211567 -0.00495087 -0.0330985 
0.501351 -0.287833 0.0015373 -0.327989 -0.00437584 -0.0608727 -0.117046 
-0.0239957 -0.145719 -0.481688 -0.0186974 0.230753 -0.417664 0.0107402 
0.31917 0.52357 0.0619132 0.200341 0.166651 0.000978805 -0.0749022 
-0.333617 0.427385 0.219897 -0.234446 -0.287853 0.21105 0.109379 
-0.0762858 -0.0939007 -0.223719 -0.174935 -0.0817337 -0.222182 -0.202924 
-0.386109 0.616945 0.28003 -0.410105 0.171226 -0.501659 0.771197 
0.101978 0.280677 0.181938 0.121149 -0.0957537 0.543851 0.0214898 
0.0708976 0.244829 -0.0534124 -0.56272 0.0722145 -0.133516 0.102835 

0.0843611 -0.222466 -0.387786 
0.308075 -0.016367 0.588494 
0.13314 -0.0981007 0.366312 
0.230215 -0.48421 -0.216743 
-0.0897549 -0.294316 0.254483 
0.308586 -0.723118 -0.243539 
-0.0107371 0.0588196 -0.12239 
-0.406491 0.30267 0.1991 

0.264407 0.247499 0.445688 0.00168702 0.0197147 0.312172 
0.104522 0.404076 -0.510295 0.316735 -0.187849 0.373339 
0.305229 -0.0547095 -0.324761 -0.528459 -0.124494 0.391028 
0.754799 0.0857503 0.0967124 0.109282 0.0943367 -0.026405 

-0.134257 -0.5164 0.0324142 
-0.256646 -0.322891 -0.564915 
0.242453 -0.0584843 -0.317415 
0.0881411 -0.0567971 0.302299 
-0.199687 0.047724 -0.193626 
0.190019 -0.235541 0.218525 
-0.636642 0.0696888 -0.436185 

-1 -1 -1 -1 -1 -1 -1 -1 -1 -1 -1 -1 -1 -1 -1 -1 
1 1 1 1 1 1 1 1 1 1 1 1 1 1 1 1 
-1 -1 -1 
1 1 1 
